1 0.500047 0.065422 0.242339 0.021950
1 0.499984 0.094213 0.272984 0.021380
0 0.500082 0.149800 0.079839 0.012258
2 0.224597 0.112600 0.142742 0.071266
1 0.232460 0.165051 0.343952 0.021095
1 0.231653 0.194128 0.342339 0.010262
1 0.676210 0.193843 0.505645 0.019954
1 0.763306 0.216790 0.349194 0.019669
1 0.499928 0.287058 0.162500 0.021095
1 0.500041 0.315707 0.039113 0.020810
1 0.500101 0.345781 0.787097 0.024515
1 0.500069 0.374572 0.637500 0.024515
1 0.500013 0.401796 0.296774 0.020810
1 0.483266 0.440137 0.845565 0.023945
1 0.510887 0.467930 0.900806 0.024800
1 0.492137 0.495724 0.863306 0.019954
1 0.312500 0.520097 0.504032 0.019669
1 0.434476 0.545895 0.747984 0.023375
1 0.513306 0.573546 0.905645 0.023375
1 0.518548 0.601197 0.916129 0.023375
1 0.426008 0.626995 0.731048 0.019669
1 0.505645 0.650941 0.890323 0.019669
1 0.416532 0.676739 0.712097 0.023375
3 0.141129 0.776511 0.120968 0.085519
3 0.362903 0.776511 0.120968 0.085519
4 0.745968 0.776511 0.120968 0.085519
1 0.285282 0.713797 0.449597 0.019954
1 0.149395 0.846494 0.177823 0.012828
1 0.371169 0.846494 0.177823 0.012828
5 0.495968 0.894099 0.870968 0.034493
