1 0.500047 0.065422 0.242339 0.021950
1 0.499984 0.094213 0.272984 0.021380
0 0.500082 0.149800 0.079839 0.012258
2 0.224597 0.112600 0.142742 0.071266
1 0.232460 0.165051 0.343952 0.021095
1 0.231653 0.194128 0.342339 0.010262
1 0.676210 0.193843 0.505645 0.019954
1 0.763306 0.216790 0.349194 0.019669
1 0.499928 0.287058 0.162500 0.021095
1 0.500041 0.315707 0.039113 0.020810
1 0.499931 0.345924 0.442339 0.024230
1 0.500088 0.374430 1.404032 0.024230
1 0.500022 0.402936 0.628226 0.024230
1 0.241935 0.443273 0.362903 0.023375
1 0.647177 0.470924 1.173387 0.023375
1 0.323387 0.498575 0.525806 0.023375
1 0.772177 0.526226 1.423387 0.023375
1 0.423387 0.553164 0.725806 0.024800
1 0.374798 0.580388 0.628629 0.021095
1 0.385081 0.606471 0.649194 0.019669
1 0.459073 0.632269 0.797177 0.023375
1 0.486492 0.659920 0.852016 0.023375
1 0.492540 0.685006 0.864113 0.021095
1 0.508065 0.710946 0.895161 0.019954
1 0.466532 0.737172 0.812097 0.023375
1 0.190323 0.762970 0.259677 0.019669
3 0.141129 0.860889 0.120968 0.085519
3 0.362903 0.860889 0.120968 0.085519
4 0.745968 0.860889 0.120968 0.085519
1 0.285282 0.798176 0.449597 0.019954
1 0.149395 0.930872 0.177823 0.012828
1 0.371169 0.930872 0.177823 0.012828
5 0.495968 0.978478 0.870968 0.034493
