1 0.500047 0.065422 0.242339 0.021950
1 0.499984 0.094213 0.272984 0.021380
0 0.500082 0.149800 0.079839 0.012258
2 0.224597 0.112600 0.142742 0.071266
1 0.232460 0.165051 0.343952 0.021095
1 0.231653 0.194128 0.342339 0.010262
1 0.676210 0.193843 0.505645 0.019954
1 0.763306 0.216790 0.349194 0.019669
1 0.499928 0.287058 0.162500 0.021095
1 0.500041 0.315707 0.039113 0.020810
1 0.500088 0.344071 0.899597 0.021095
1 0.499902 0.371152 0.897581 0.024515
1 0.500016 0.398375 0.357258 0.020810
1 0.511089 0.436716 0.901210 0.023945
1 0.487702 0.465080 0.854435 0.023660
1 0.521169 0.490593 0.921371 0.021095
1 0.461290 0.518529 0.804839 0.023375
1 0.517137 0.546180 0.913306 0.023375
1 0.347782 0.571836 0.574597 0.019954
1 0.510887 0.597919 0.900806 0.023660
1 0.398185 0.624145 0.675403 0.019669
1 0.509476 0.649230 0.897984 0.024800
1 0.152823 0.677166 0.184677 0.019669
3 0.141129 0.775086 0.120968 0.085519
3 0.362903 0.775086 0.120968 0.085519
4 0.745968 0.775086 0.120968 0.085519
1 0.285282 0.712372 0.449597 0.019954
1 0.149395 0.845068 0.177823 0.012828
1 0.371169 0.845068 0.177823 0.012828
5 0.495968 0.892674 0.870968 0.034493
