1 0.500047 0.065422 0.242339 0.021950
1 0.499984 0.094213 0.272984 0.021380
0 0.500082 0.149800 0.079839 0.012258
2 0.224597 0.112600 0.142742 0.071266
1 0.232460 0.165051 0.343952 0.021095
1 0.231653 0.194128 0.342339 0.010262
1 0.676210 0.193843 0.505645 0.019954
1 0.763306 0.216790 0.349194 0.019669
1 0.499928 0.287058 0.162500 0.021095
1 0.500041 0.315707 0.039113 0.020810
1 0.499994 0.343216 0.141935 0.013113
1 0.499962 0.361460 1.125806 0.021095
1 0.500006 0.386545 0.822177 0.021665
1 0.123387 0.423888 0.125806 0.011973
1 0.526815 0.440849 0.932661 0.019669
1 0.409073 0.464082 0.697177 0.021095
1 0.517540 0.491733 0.914113 0.023945
1 0.522581 0.519527 0.924194 0.024800
1 0.191331 0.546750 0.261694 0.021095
1 0.648790 0.572406 1.176613 0.021665
1 0.508468 0.598062 0.895968 0.021095
1 0.492944 0.625998 0.864919 0.023375
1 0.414113 0.653649 0.707258 0.023375
3 0.141129 0.753421 0.120968 0.085519
3 0.362903 0.753421 0.120968 0.085519
4 0.745968 0.753421 0.120968 0.085519
1 0.285282 0.690707 0.449597 0.019954
1 0.149395 0.823404 0.177823 0.012828
1 0.371169 0.823404 0.177823 0.012828
5 0.495968 0.871009 0.870968 0.034493
