1 0.500047 0.065422 0.242339 0.021950
1 0.499984 0.094213 0.272984 0.021380
0 0.500082 0.149800 0.079839 0.012258
2 0.224597 0.112600 0.142742 0.071266
1 0.232460 0.165051 0.343952 0.021095
1 0.231653 0.194128 0.342339 0.010262
1 0.676210 0.193843 0.505645 0.019954
1 0.763306 0.216790 0.349194 0.019669
1 0.499928 0.287058 0.162500 0.021095
1 0.500041 0.315707 0.039113 0.020810
1 0.499959 0.344071 0.836290 0.021095
1 0.499997 0.371294 0.893548 0.024230
1 0.499968 0.397948 0.346774 0.021095
1 0.401815 0.435148 0.682661 0.019669
1 0.425202 0.460946 0.729435 0.023375
1 0.421371 0.486745 0.721774 0.019669
1 0.576815 0.512543 1.032661 0.023375
1 0.177823 0.538626 0.234677 0.019099
1 0.609879 0.563569 1.098790 0.023375
1 0.428427 0.589367 0.735887 0.019669
1 0.450000 0.613312 0.779032 0.019669
1 0.361895 0.636545 0.602823 0.021095
1 0.485484 0.662628 0.850000 0.019669
1 0.521169 0.687714 0.921371 0.024800
1 0.223790 0.715650 0.326613 0.019669
1 0.385685 0.741306 0.650403 0.023660
1 0.218347 0.767531 0.315726 0.019669
3 0.141129 0.865450 0.120968 0.085519
3 0.362903 0.865450 0.120968 0.085519
4 0.745968 0.865450 0.120968 0.085519
1 0.285282 0.802737 0.449597 0.019954
1 0.149395 0.935433 0.177823 0.012828
1 0.371169 0.935433 0.177823 0.012828
5 0.495968 0.983039 0.870968 0.034493
