1 0.500047 0.065422 0.242339 0.021950
1 0.499984 0.094213 0.272984 0.021380
0 0.500082 0.149800 0.079839 0.012258
2 0.224597 0.112600 0.142742 0.071266
1 0.232460 0.165051 0.343952 0.021095
1 0.231653 0.194128 0.342339 0.010262
1 0.676210 0.193843 0.505645 0.019954
1 0.763306 0.216790 0.349194 0.019669
1 0.499928 0.287058 0.162500 0.021095
1 0.500041 0.315707 0.039113 0.020810
1 0.499921 0.344071 0.858468 0.021095
1 0.500091 0.371294 0.686290 0.024230
1 0.499981 0.397948 0.395565 0.021095
1 0.417339 0.435148 0.713710 0.019669
1 0.509677 0.460946 0.898387 0.023375
1 0.500202 0.488597 0.879435 0.023375
1 0.476210 0.513683 0.831452 0.021095
1 0.290927 0.539766 0.460887 0.019669
1 0.508065 0.564852 0.895161 0.024800
1 0.385282 0.594641 0.649597 0.023375
1 0.476411 0.619726 0.831855 0.021095
1 0.411694 0.647662 0.702419 0.023375
1 0.426008 0.675314 0.731048 0.023375
1 0.522984 0.701112 0.925000 0.019669
3 0.141129 0.799031 0.120968 0.085519
3 0.362903 0.799031 0.120968 0.085519
4 0.745968 0.799031 0.120968 0.085519
1 0.285282 0.736317 0.449597 0.019954
1 0.149395 0.869014 0.177823 0.012828
1 0.371169 0.869014 0.177823 0.012828
5 0.495968 0.916619 0.870968 0.034493
