1 0.500047 0.065422 0.242339 0.021950
1 0.499984 0.094213 0.272984 0.021380
0 0.500082 0.149800 0.079839 0.012258
2 0.224597 0.112600 0.142742 0.071266
1 0.232460 0.165051 0.343952 0.021095
1 0.231653 0.194128 0.342339 0.010262
1 0.676210 0.193843 0.505645 0.019954
1 0.763306 0.216790 0.349194 0.019669
1 0.499928 0.287058 0.162500 0.021095
1 0.500041 0.315707 0.039113 0.020810
1 0.500041 0.344213 0.639113 0.021380
1 0.499931 0.369726 0.818548 0.021095
1 0.500013 0.396950 0.603629 0.024230
1 0.454032 0.435433 0.787097 0.019669
1 0.405847 0.461231 0.690726 0.023375
1 0.516935 0.488883 0.912903 0.023375
1 0.521573 0.516534 0.922177 0.023375
1 0.521169 0.544185 0.921371 0.023375
1 0.477621 0.571836 0.834274 0.023375
1 0.512298 0.599344 0.903629 0.023660
1 0.456250 0.627423 0.791532 0.023375
1 0.518145 0.654932 0.915323 0.023660
1 0.248185 0.681157 0.375403 0.019669
3 0.141129 0.779076 0.120968 0.085519
3 0.362903 0.779076 0.120968 0.085519
4 0.745968 0.779076 0.120968 0.085519
1 0.285282 0.716363 0.449597 0.019954
1 0.149395 0.849059 0.177823 0.012828
1 0.371169 0.849059 0.177823 0.012828
5 0.495968 0.896665 0.870968 0.034493
