1 0.500047 0.065422 0.242339 0.021950
1 0.499984 0.094213 0.272984 0.021380
0 0.500082 0.149800 0.079839 0.012258
2 0.224597 0.112600 0.142742 0.071266
1 0.232460 0.165051 0.343952 0.021095
1 0.231653 0.194128 0.342339 0.010262
1 0.676210 0.193843 0.505645 0.019954
1 0.763306 0.216790 0.349194 0.019669
1 0.499928 0.287058 0.162500 0.021095
1 0.500041 0.315707 0.039113 0.020810
1 0.500076 0.345781 0.756855 0.024515
1 0.500038 0.374715 0.891532 0.024230
1 0.499978 0.402794 0.396774 0.025086
1 0.501815 0.444270 0.882661 0.023660
1 0.452823 0.471636 0.784677 0.024800
1 0.485081 0.500713 0.849194 0.024800
1 0.507258 0.528506 0.893548 0.019954
1 0.483669 0.554590 0.846371 0.023660
1 0.186895 0.580815 0.252823 0.019669
1 0.422379 0.604618 0.723790 0.019954
1 0.454839 0.628991 0.788710 0.019669
1 0.365121 0.654789 0.609274 0.023375
1 0.457863 0.681727 0.794758 0.024800
1 0.504032 0.711517 0.887097 0.023375
3 0.141129 0.811288 0.120968 0.085519
3 0.362903 0.811288 0.120968 0.085519
4 0.745968 0.811288 0.120968 0.085519
1 0.285282 0.748575 0.449597 0.019954
1 0.149395 0.881271 0.177823 0.012828
1 0.371169 0.881271 0.177823 0.012828
5 0.495968 0.928877 0.870968 0.034493
