1 0.500047 0.065422 0.242339 0.021950
1 0.499984 0.094213 0.272984 0.021380
0 0.500082 0.149800 0.079839 0.012258
2 0.224597 0.112600 0.142742 0.071266
1 0.232460 0.165051 0.343952 0.021095
1 0.231653 0.194128 0.342339 0.010262
1 0.676210 0.193843 0.505645 0.019954
1 0.763306 0.216790 0.349194 0.019669
1 0.499928 0.287058 0.162500 0.021095
1 0.500041 0.315707 0.039113 0.020810
1 0.499937 0.345496 0.752419 0.025086
1 0.500095 0.373147 0.443952 0.021665
1 0.500025 0.400798 0.902016 0.025086
1 0.499956 0.428734 0.116532 0.021095
1 0.373790 0.467645 0.626613 0.023660
1 0.248992 0.493301 0.377016 0.020810
1 0.496573 0.520097 0.872177 0.024800
1 0.304032 0.548318 0.487097 0.020239
1 0.341935 0.571836 0.562903 0.021095
1 0.418750 0.599059 0.716532 0.024800
1 0.457258 0.628136 0.793548 0.024800
1 0.566532 0.657925 1.012097 0.023375
1 0.389718 0.683010 0.658468 0.021095
1 0.477621 0.709094 0.834274 0.019669
1 0.457661 0.734179 0.794355 0.024800
1 0.386492 0.763398 0.652016 0.024515
3 0.141129 0.864880 0.120968 0.085519
3 0.362903 0.864880 0.120968 0.085519
4 0.745968 0.864880 0.120968 0.085519
1 0.285282 0.802166 0.449597 0.019954
1 0.149395 0.934863 0.177823 0.012828
1 0.371169 0.934863 0.177823 0.012828
5 0.495968 0.982469 0.870968 0.034493
