1 0.500047 0.065422 0.242339 0.021950
1 0.499984 0.094213 0.272984 0.021380
0 0.500082 0.149800 0.079839 0.012258
2 0.224597 0.112600 0.142742 0.071266
1 0.232460 0.165051 0.343952 0.021095
1 0.231653 0.194128 0.342339 0.010262
1 0.676210 0.193843 0.505645 0.019954
1 0.763306 0.216790 0.349194 0.019669
1 0.499928 0.287058 0.162500 0.021095
1 0.500041 0.315707 0.039113 0.020810
1 0.500060 0.344071 0.775806 0.021095
1 0.500041 0.369441 0.815323 0.021095
1 0.480444 0.406499 0.843145 0.019954
1 0.469355 0.430872 0.817742 0.019669
1 0.471169 0.454105 0.821371 0.021095
1 0.516734 0.480188 0.912500 0.019669
1 0.424395 0.503991 0.727823 0.019954
1 0.510887 0.530074 0.900806 0.023660
1 0.398185 0.556300 0.675403 0.019669
1 0.509476 0.581385 0.897984 0.024800
1 0.509476 0.609322 0.897984 0.019669
1 0.161290 0.633409 0.201613 0.019384
3 0.141129 0.730901 0.120968 0.085519
3 0.362903 0.730901 0.120968 0.085519
4 0.745968 0.730901 0.120968 0.085519
1 0.285282 0.668187 0.449597 0.019954
1 0.149395 0.800884 0.177823 0.012828
1 0.371169 0.800884 0.177823 0.012828
5 0.495968 0.848489 0.870968 0.034493
