1 0.500047 0.065422 0.242339 0.021950
1 0.499984 0.094213 0.272984 0.021380
0 0.500082 0.149800 0.079839 0.012258
2 0.224597 0.112600 0.142742 0.071266
1 0.232460 0.165051 0.343952 0.021095
1 0.231653 0.194128 0.342339 0.010262
1 0.676210 0.193843 0.505645 0.019954
1 0.763306 0.216790 0.349194 0.019669
1 0.499928 0.287058 0.162500 0.021095
1 0.500041 0.315707 0.039113 0.020810
1 0.499912 0.345924 0.919758 0.024230
1 0.500009 0.372577 0.776613 0.021095
1 0.507661 0.411631 0.894355 0.023375
1 0.495565 0.437286 0.870161 0.019954
1 0.477823 0.463512 0.834677 0.023375
1 0.483065 0.489310 0.845161 0.019669
1 0.499194 0.513255 0.877419 0.019669
1 0.502218 0.539054 0.883468 0.023375
1 0.452823 0.565992 0.784677 0.024800
1 0.408871 0.593928 0.696774 0.019669
1 0.460282 0.619726 0.799597 0.023375
1 0.443952 0.646665 0.766935 0.024800
3 0.141129 0.748575 0.120968 0.085519
3 0.362903 0.748575 0.120968 0.085519
4 0.745968 0.748575 0.120968 0.085519
1 0.285282 0.685861 0.449597 0.019954
1 0.149395 0.818558 0.177823 0.012828
1 0.371169 0.818558 0.177823 0.012828
5 0.495968 0.866163 0.870968 0.034493
