1 0.500047 0.065422 0.242339 0.021950
1 0.499984 0.094213 0.272984 0.021380
0 0.500082 0.149800 0.079839 0.012258
2 0.224597 0.112600 0.142742 0.071266
1 0.232460 0.165051 0.343952 0.021095
1 0.231653 0.194128 0.342339 0.010262
1 0.676210 0.193843 0.505645 0.019954
1 0.763306 0.216790 0.349194 0.019669
1 0.499928 0.287058 0.162500 0.021095
1 0.500041 0.315707 0.039113 0.020810
1 0.500085 0.345496 0.441129 0.025086
1 0.500057 0.375285 0.688306 0.024230
1 0.500025 0.401938 0.571774 0.021095
1 0.499968 0.429019 0.496371 0.024515
1 0.244556 0.469071 0.368145 0.024800
1 0.341129 0.498860 0.561290 0.023375
1 0.509677 0.526511 0.898387 0.023375
1 0.213306 0.552309 0.305645 0.019669
1 0.454637 0.578107 0.788306 0.023375
1 0.482863 0.603905 0.844758 0.019669
1 0.286492 0.627851 0.452016 0.019669
1 0.331048 0.653791 0.541129 0.023090
1 0.488710 0.679162 0.856452 0.019669
1 0.483065 0.704675 0.848387 0.023945
1 0.493347 0.732469 0.868952 0.024800
1 0.521976 0.761545 0.922984 0.024800
1 0.224395 0.791334 0.327823 0.023375
3 0.141129 0.891106 0.120968 0.085519
3 0.362903 0.891106 0.120968 0.085519
4 0.745968 0.891106 0.120968 0.085519
1 0.285282 0.828392 0.449597 0.019954
1 0.149395 0.961089 0.177823 0.012828
1 0.371169 0.961089 0.177823 0.012828
5 0.495968 1.008694 0.870968 0.034493
