1 0.500047 0.065422 0.242339 0.021950
1 0.499984 0.094213 0.272984 0.021380
0 0.500082 0.149800 0.079839 0.012258
2 0.224597 0.112600 0.142742 0.071266
1 0.232460 0.165051 0.343952 0.021095
1 0.231653 0.194128 0.342339 0.010262
1 0.676210 0.193843 0.505645 0.019954
1 0.763306 0.216790 0.349194 0.019669
1 0.499928 0.287058 0.162500 0.021095
1 0.500041 0.315707 0.039113 0.020810
1 0.500006 0.345781 0.852016 0.024515
1 0.499987 0.374715 0.772177 0.024230
1 0.500079 0.401511 0.540726 0.020810
1 0.418548 0.440137 0.716129 0.023375
1 0.488508 0.467788 0.856048 0.023375
1 0.411290 0.493586 0.701613 0.019669
1 0.506250 0.519384 0.891532 0.023375
1 0.428226 0.546465 0.735484 0.024515
1 0.361895 0.573974 0.602823 0.019669
1 0.514113 0.599772 0.907258 0.023375
1 0.514718 0.624857 0.908468 0.021095
1 0.522984 0.652794 0.925000 0.023375
1 0.440726 0.680445 0.760484 0.023375
1 0.159476 0.706243 0.197984 0.019669
3 0.141129 0.804162 0.120968 0.085519
3 0.362903 0.804162 0.120968 0.085519
4 0.745968 0.804162 0.120968 0.085519
1 0.285282 0.741448 0.449597 0.019954
1 0.149395 0.874145 0.177823 0.012828
1 0.371169 0.874145 0.177823 0.012828
5 0.495968 0.921750 0.870968 0.034493
