1 0.500047 0.065422 0.242339 0.021950
1 0.499984 0.094213 0.272984 0.021380
0 0.500082 0.149800 0.079839 0.012258
2 0.224597 0.112600 0.142742 0.071266
1 0.232460 0.165051 0.343952 0.021095
1 0.231653 0.194128 0.342339 0.010262
1 0.676210 0.193843 0.505645 0.019954
1 0.763306 0.216790 0.349194 0.019669
1 0.499928 0.287058 0.162500 0.021095
1 0.500041 0.315707 0.039113 0.020810
1 0.499962 0.345781 0.878629 0.024515
1 0.500047 0.374287 0.899194 0.025086
1 0.500022 0.400656 0.047581 0.014538
1 0.496976 0.434008 0.872984 0.024800
1 0.461290 0.463797 0.801613 0.023375
1 0.501815 0.490735 0.882661 0.024800
1 0.490524 0.517959 0.860081 0.021095
1 0.245968 0.544042 0.370968 0.019669
1 0.460081 0.567987 0.799194 0.019669
1 0.498589 0.593786 0.876210 0.023375
1 0.397379 0.621437 0.673790 0.023375
1 0.513306 0.648518 0.905645 0.024515
1 0.384274 0.675884 0.647581 0.019954
3 0.141129 0.774230 0.120968 0.085519
3 0.362903 0.774230 0.120968 0.085519
4 0.745968 0.774230 0.120968 0.085519
1 0.285282 0.711517 0.449597 0.019954
1 0.149395 0.844213 0.177823 0.012828
1 0.371169 0.844213 0.177823 0.012828
5 0.495968 0.891819 0.870968 0.034493
