1 0.500047 0.065422 0.242339 0.021950
1 0.499984 0.094213 0.272984 0.021380
0 0.500082 0.149800 0.079839 0.012258
2 0.224597 0.112600 0.142742 0.071266
1 0.232460 0.165051 0.343952 0.021095
1 0.231653 0.194128 0.342339 0.010262
1 0.676210 0.193843 0.505645 0.019954
1 0.763306 0.216790 0.349194 0.019669
1 0.499928 0.287058 0.162500 0.021095
1 0.500041 0.315707 0.039113 0.020810
1 0.499931 0.344071 0.721774 0.021095
1 0.499975 0.369441 0.881855 0.021095
1 0.500082 0.395097 0.386694 0.021095
1 0.518548 0.432013 0.916129 0.019669
1 0.435282 0.455958 0.749597 0.019669
1 0.462903 0.481186 0.804839 0.024515
1 0.470363 0.508694 0.819758 0.019669
1 0.316331 0.534493 0.511694 0.023375
1 0.507863 0.562144 0.894758 0.023375
1 0.478427 0.589082 0.835887 0.024800
1 0.484879 0.618158 0.848790 0.024800
1 0.467137 0.647235 0.813306 0.024800
1 0.476210 0.676311 0.831452 0.024800
1 0.165927 0.704247 0.210887 0.019669
3 0.141129 0.802166 0.120968 0.085519
3 0.362903 0.802166 0.120968 0.085519
4 0.745968 0.802166 0.120968 0.085519
1 0.285282 0.739453 0.449597 0.019954
1 0.149395 0.872149 0.177823 0.012828
1 0.371169 0.872149 0.177823 0.012828
5 0.495968 0.919755 0.870968 0.034493
