1 0.500047 0.065422 0.242339 0.021950
1 0.499984 0.094213 0.272984 0.021380
0 0.500082 0.149800 0.079839 0.012258
2 0.224597 0.112600 0.142742 0.071266
1 0.232460 0.165051 0.343952 0.021095
1 0.231653 0.194128 0.342339 0.010262
1 0.676210 0.193843 0.505645 0.019954
1 0.763306 0.216790 0.349194 0.019669
1 0.499928 0.287058 0.162500 0.021095
1 0.500041 0.315707 0.039113 0.020810
1 0.500050 0.344783 0.813306 0.022520
1 0.500085 0.371009 0.719758 0.020810
1 0.499981 0.396095 0.303226 0.020810
1 0.510081 0.432868 0.899194 0.019669
1 0.386895 0.456813 0.652823 0.019669
1 0.472782 0.482611 0.824597 0.023375
1 0.406048 0.508409 0.691129 0.019669
1 0.398185 0.532355 0.675403 0.019669
1 0.393145 0.556300 0.665323 0.019669
1 0.421573 0.580245 0.722177 0.019669
1 0.478226 0.606043 0.835484 0.023375
1 0.401411 0.631842 0.681855 0.019669
1 0.450000 0.655787 0.779032 0.019669
1 0.439516 0.681585 0.758065 0.023375
1 0.315524 0.707668 0.510081 0.019099
3 0.141129 0.804732 0.120968 0.085519
3 0.362903 0.804732 0.120968 0.085519
4 0.745968 0.804732 0.120968 0.085519
1 0.285282 0.742018 0.449597 0.019954
1 0.149395 0.874715 0.177823 0.012828
1 0.371169 0.874715 0.177823 0.012828
5 0.495968 0.922320 0.870968 0.034493
