1 0.500047 0.065422 0.242339 0.021950
1 0.499984 0.094213 0.272984 0.021380
0 0.500082 0.149800 0.079839 0.012258
2 0.224597 0.112600 0.142742 0.071266
1 0.232460 0.165051 0.343952 0.021095
1 0.231653 0.194128 0.342339 0.010262
1 0.676210 0.193843 0.505645 0.019954
1 0.763306 0.216790 0.349194 0.019669
1 0.499928 0.287058 0.162500 0.021095
1 0.500041 0.315707 0.039113 0.020810
1 0.500013 0.344071 0.688306 0.021095
1 0.499937 0.369441 0.903629 0.021095
1 0.499997 0.396522 0.764919 0.024515
1 0.348992 0.435433 0.577016 0.019669
1 0.490726 0.459379 0.860484 0.019669
1 0.508065 0.485177 0.895161 0.023375
1 0.474798 0.510975 0.828629 0.019669
1 0.483871 0.534208 0.846774 0.021095
1 0.506048 0.560291 0.891129 0.019669
1 0.463911 0.586089 0.806855 0.023375
1 0.464919 0.611174 0.808871 0.021095
1 0.472379 0.639111 0.823790 0.023375
1 0.502016 0.666762 0.883065 0.023375
1 0.295565 0.691847 0.470161 0.021095
3 0.141129 0.791904 0.120968 0.085519
3 0.362903 0.791904 0.120968 0.085519
4 0.745968 0.791904 0.120968 0.085519
1 0.285282 0.729190 0.449597 0.019954
1 0.149395 0.861887 0.177823 0.012828
1 0.371169 0.861887 0.177823 0.012828
5 0.495968 0.909493 0.870968 0.034493
