1 0.500047 0.065422 0.242339 0.021950
1 0.499984 0.094213 0.272984 0.021380
0 0.500082 0.149800 0.079839 0.012258
2 0.224597 0.112600 0.142742 0.071266
1 0.232460 0.165051 0.343952 0.021095
1 0.231653 0.194128 0.342339 0.010262
1 0.676210 0.193843 0.505645 0.019954
1 0.763306 0.216790 0.349194 0.019669
1 0.499928 0.287058 0.162500 0.021095
1 0.500041 0.315707 0.039113 0.020810
1 0.500022 0.344071 0.842339 0.021095
1 0.500066 0.369441 0.859274 0.021095
1 0.496976 0.406642 0.872984 0.019669
1 0.423992 0.430587 0.727016 0.019669
1 0.482460 0.456385 0.843952 0.023375
1 0.483065 0.482184 0.845161 0.019669
1 0.440927 0.507269 0.760887 0.024800
1 0.449194 0.535205 0.777419 0.019669
1 0.482460 0.561003 0.843952 0.023375
1 0.483468 0.586802 0.845968 0.019669
1 0.500000 0.612457 0.879032 0.023660
3 0.141129 0.712657 0.120968 0.085519
3 0.362903 0.712657 0.120968 0.085519
4 0.745968 0.712657 0.120968 0.085519
1 0.285282 0.649943 0.449597 0.019954
1 0.149395 0.782640 0.177823 0.012828
1 0.371169 0.782640 0.177823 0.012828
5 0.495968 0.830245 0.870968 0.034493
