1 0.500047 0.065422 0.242339 0.021950
1 0.499984 0.094213 0.272984 0.021380
0 0.500082 0.149800 0.079839 0.012258
2 0.224597 0.112600 0.142742 0.071266
1 0.232460 0.165051 0.343952 0.021095
1 0.231653 0.194128 0.342339 0.010262
1 0.676210 0.193843 0.505645 0.019954
1 0.763306 0.216790 0.349194 0.019669
1 0.499928 0.287058 0.162500 0.021095
1 0.500041 0.315707 0.039113 0.020810
1 0.499968 0.345924 0.783468 0.024230
1 0.499940 0.372719 0.862903 0.020810
1 0.500050 0.397805 0.508468 0.020810
1 0.385484 0.436431 0.650000 0.023375
1 0.478226 0.462229 0.835484 0.019669
1 0.496573 0.487885 0.872177 0.023660
1 0.423992 0.515964 0.727016 0.023375
1 0.522379 0.542902 0.923790 0.024800
1 0.301411 0.570838 0.481855 0.019669
1 0.504839 0.595924 0.888710 0.024800
1 0.500605 0.625713 0.880242 0.023375
1 0.524194 0.650798 0.927419 0.021095
1 0.474395 0.676881 0.827823 0.019669
1 0.254637 0.700827 0.388306 0.019669
3 0.141129 0.798746 0.120968 0.085519
3 0.362903 0.798746 0.120968 0.085519
4 0.745968 0.798746 0.120968 0.085519
1 0.285282 0.736032 0.449597 0.019954
1 0.149395 0.868729 0.177823 0.012828
1 0.371169 0.868729 0.177823 0.012828
5 0.495968 0.916334 0.870968 0.034493
