1 0.500047 0.065422 0.242339 0.021950
1 0.499984 0.094213 0.272984 0.021380
0 0.500082 0.149800 0.079839 0.012258
2 0.224597 0.112600 0.142742 0.071266
1 0.232460 0.165051 0.343952 0.021095
1 0.231653 0.194128 0.342339 0.010262
1 0.676210 0.193843 0.505645 0.019954
1 0.763306 0.216790 0.349194 0.019669
1 0.499928 0.287058 0.162500 0.021095
1 0.500041 0.315707 0.039113 0.020810
1 0.500041 0.345781 0.838710 0.024515
1 0.500009 0.374715 0.828629 0.024230
1 0.500035 0.401511 0.199194 0.020810
1 0.515726 0.440137 0.910484 0.023375
1 0.385282 0.467788 0.649597 0.023375
1 0.336290 0.492873 0.551613 0.021095
1 0.436290 0.518244 0.751613 0.021095
1 0.427621 0.544327 0.734274 0.019669
1 0.479032 0.568273 0.837097 0.019669
1 0.510887 0.592075 0.900806 0.019954
1 0.505444 0.615735 0.889919 0.021095
1 0.428831 0.641676 0.736694 0.019954
1 0.477823 0.667902 0.834677 0.023375
1 0.224597 0.693558 0.328226 0.019954
3 0.141129 0.791904 0.120968 0.085519
3 0.362903 0.791904 0.120968 0.085519
4 0.745968 0.791904 0.120968 0.085519
1 0.285282 0.729190 0.449597 0.019954
1 0.149395 0.861887 0.177823 0.012828
1 0.371169 0.861887 0.177823 0.012828
5 0.495968 0.909493 0.870968 0.034493
