1 0.337500 0.068558 0.433065 0.019669
1 0.293548 0.092930 0.345161 0.023375
1 0.240323 0.119299 0.238710 0.023090
1 0.346169 0.143387 0.450403 0.019384
1 0.363710 0.164766 0.485484 0.021095
1 0.289919 0.189424 0.337903 0.019669
1 0.283266 0.211517 0.324597 0.020525
1 0.342944 0.235604 0.443952 0.019099
1 0.279637 0.298461 0.317339 0.023375
1 0.336694 0.322691 0.431452 0.019954
1 0.254032 0.345496 0.266129 0.019954
1 0.334274 0.367731 0.426613 0.021095
1 0.227823 0.392246 0.213710 0.019954
1 0.243750 0.415194 0.245565 0.019669
1 0.249798 0.437714 0.257661 0.019669
1 0.266935 0.460234 0.291935 0.019669
1 0.406653 0.040051 0.692339 0.019669
1 0.201210 0.268101 0.321774 0.020239
0 0.625000 0.527366 0.120968 0.085519
1 0.350202 0.496152 0.619758 0.019669
0 0.100806 0.570125 0.120968 0.085519
1 0.101008 0.622007 0.121371 0.017104
