1 0.500047 0.065422 0.242339 0.021950
1 0.499984 0.094213 0.272984 0.021380
0 0.500082 0.149800 0.079839 0.012258
0 0.224597 0.112600 0.142742 0.071266
1 0.232460 0.165051 0.343952 0.021095
1 0.231653 0.194128 0.342339 0.010262
1 0.732460 0.193843 0.416532 0.019954
1 0.763306 0.216790 0.349194 0.019669
1 0.499928 0.287058 0.162500 0.021095
1 0.500041 0.315707 0.039113 0.020810
1 0.500054 0.345781 0.780242 0.024515
1 0.499915 0.372862 0.761694 0.021095
1 0.500054 0.397948 0.450000 0.021665
1 0.476815 0.437856 0.832661 0.023375
1 0.361895 0.463655 0.602823 0.019669
1 0.326210 0.489453 0.531452 0.023375
1 0.459879 0.517246 0.798790 0.023090
1 0.391129 0.542617 0.661290 0.019669
1 0.134274 0.571978 0.147581 0.020239
1 0.206048 0.596779 0.291129 0.019669
1 0.214315 0.622577 0.307661 0.023375
1 0.202823 0.648375 0.284677 0.019669
1 0.168347 0.672320 0.215726 0.019669
1 0.175403 0.696266 0.229839 0.019669
1 0.210685 0.722064 0.300403 0.023375
1 0.189315 0.749715 0.257661 0.023375
1 0.199395 0.775513 0.277823 0.019669
1 0.597984 0.572263 0.228226 0.019669
1 0.619556 0.595496 0.271371 0.021095
1 0.603024 0.621579 0.238306 0.019669
1 0.614315 0.645525 0.260887 0.019669
1 0.595968 0.671323 0.224194 0.023375
1 0.660484 0.696408 0.353226 0.021095
1 0.565121 0.722777 0.162500 0.019099
1 0.607258 0.745867 0.246774 0.019669
1 0.639718 0.769669 0.311694 0.019954
1 0.476815 0.807298 0.832661 0.023375
1 0.361895 0.833096 0.602823 0.019669
1 0.326210 0.858894 0.531452 0.023375
1 0.459879 0.886688 0.798790 0.023090
1 0.391129 0.912058 0.661290 0.019669
1 0.214919 0.970639 0.308871 0.017104
1 0.180242 0.985604 0.239516 0.016249
1 0.870161 0.971209 0.127419 0.008552
1 0.868952 0.986602 0.125000 0.010832
