1 0.358065 0.068558 0.474194 0.019669
1 0.259879 0.090792 0.277823 0.020239
1 0.351613 0.116021 0.461290 0.023375
1 0.353226 0.142246 0.464516 0.023375
1 0.332258 0.166619 0.422581 0.019669
1 0.307863 0.189139 0.373790 0.019669
1 0.420565 0.213512 0.599194 0.023375
1 0.281250 0.237742 0.320565 0.019954
1 0.321976 0.298461 0.402016 0.023375
1 0.330444 0.322834 0.418952 0.019669
1 0.211290 0.342930 0.180645 0.015393
1 0.300202 0.363312 0.358468 0.020239
1 0.193347 0.390393 0.144758 0.019669
1 0.351210 0.409208 0.460484 0.019669
1 0.263911 0.433865 0.285887 0.022805
1 0.326411 0.459236 0.410887 0.023375
1 0.406653 0.040051 0.692339 0.019669
1 0.201210 0.268101 0.321774 0.020239
0 0.625000 0.527366 0.120968 0.085519
1 0.350202 0.496152 0.619758 0.019669
0 0.100806 0.570125 0.120968 0.085519
1 0.101008 0.622007 0.121371 0.017104
