1 0.500047 0.065422 0.242339 0.021950
1 0.499984 0.094213 0.272984 0.021380
0 0.500082 0.149800 0.079839 0.012258
0 0.224597 0.112600 0.142742 0.071266
1 0.232460 0.165051 0.343952 0.021095
1 0.231653 0.194128 0.342339 0.010262
1 0.732460 0.193843 0.416532 0.019954
1 0.763306 0.216790 0.349194 0.019669
1 0.499928 0.287058 0.162500 0.021095
1 0.500041 0.315707 0.039113 0.020810
1 0.499962 0.345781 0.878629 0.024515
1 0.500066 0.372577 0.674597 0.021665
1 0.500003 0.400656 0.272177 0.024230
1 0.438710 0.440992 0.716129 0.023375
1 0.465121 0.463940 0.768952 0.024800
1 0.454637 0.489738 0.747984 0.023375
1 0.378024 0.510832 0.594758 0.021095
1 0.429637 0.532925 0.697984 0.019669
1 0.209073 0.552879 0.256855 0.019669
1 0.433266 0.572834 0.705242 0.019669
1 0.124798 0.593073 0.088306 0.019099
1 0.468952 0.612172 0.776613 0.019669
1 0.467339 0.633979 0.773387 0.023375
1 0.425000 0.657070 0.688710 0.024515
1 0.387097 0.680587 0.612903 0.019669
1 0.203831 0.700399 0.246371 0.019954
1 0.479032 0.734036 0.716129 0.023375
1 0.505444 0.756984 0.768952 0.024800
1 0.494960 0.782782 0.747984 0.023375
1 0.418347 0.803877 0.594758 0.021095
1 0.469960 0.825969 0.697984 0.019669
1 0.249395 0.845924 0.256855 0.019669
1 0.473589 0.865878 0.705242 0.019669
1 0.165121 0.886117 0.088306 0.019099
1 0.509274 0.905217 0.776613 0.019669
1 0.507661 0.927024 0.773387 0.023375
1 0.465323 0.950114 0.688710 0.024515
1 0.427419 0.973632 0.612903 0.019669
1 0.244153 0.993444 0.246371 0.019954
