1 0.372782 0.067845 0.503629 0.021095
1 0.309879 0.092503 0.377823 0.019669
1 0.348387 0.116876 0.454839 0.023375
1 0.265927 0.143101 0.289919 0.023375
1 0.269556 0.168615 0.297177 0.024800
1 0.299395 0.196266 0.356855 0.024800
1 0.241935 0.224629 0.241935 0.023375
1 0.281048 0.296608 0.320161 0.019669
1 0.348790 0.319270 0.455645 0.019384
1 0.281048 0.341363 0.320161 0.019669
1 0.255847 0.364168 0.269758 0.019099
1 0.243145 0.387970 0.244355 0.022805
1 0.379839 0.413341 0.517742 0.023375
1 0.255444 0.439567 0.268952 0.023375
1 0.346774 0.463940 0.451613 0.019669
1 0.406653 0.040051 0.692339 0.019669
1 0.201210 0.268101 0.321774 0.020239
0 0.625000 0.527366 0.120968 0.085519
1 0.350202 0.496152 0.619758 0.019669
0 0.100806 0.570125 0.120968 0.085519
1 0.101008 0.622007 0.121371 0.017104
