1 0.500047 0.065422 0.242339 0.021950
1 0.499984 0.094213 0.272984 0.021380
0 0.500082 0.149800 0.079839 0.012258
0 0.224597 0.112600 0.142742 0.071266
1 0.232460 0.165051 0.343952 0.021095
1 0.231653 0.194128 0.342339 0.010262
1 0.732460 0.193843 0.416532 0.019954
1 0.763306 0.216790 0.349194 0.019669
1 0.499928 0.287058 0.162500 0.021095
1 0.500041 0.315707 0.039113 0.020810
1 0.500025 0.345924 0.517742 0.024230
1 0.500076 0.373432 0.468145 0.022235
1 0.500060 0.399088 0.706452 0.021095
1 0.449798 0.437999 0.778629 0.023660
1 0.494153 0.464510 0.867339 0.020239
1 0.519556 0.490593 0.918145 0.023375
1 0.442137 0.516249 0.763306 0.019954
1 0.134274 0.546038 0.147581 0.020239
1 0.206048 0.570838 0.291129 0.019669
1 0.214315 0.596636 0.307661 0.023375
1 0.202823 0.622434 0.284677 0.019669
1 0.168347 0.646380 0.215726 0.019669
1 0.175403 0.670325 0.229839 0.019669
1 0.210685 0.696123 0.300403 0.023375
1 0.189315 0.723774 0.257661 0.023375
1 0.199395 0.749572 0.277823 0.019669
1 0.597984 0.546323 0.228226 0.019669
1 0.619556 0.569555 0.271371 0.021095
1 0.603024 0.595639 0.238306 0.019669
1 0.614315 0.619584 0.260887 0.019669
1 0.595968 0.645382 0.224194 0.023375
1 0.660484 0.670468 0.353226 0.021095
1 0.565121 0.696836 0.162500 0.019099
1 0.607258 0.719926 0.246774 0.019669
1 0.639718 0.743729 0.311694 0.019954
1 0.449798 0.781214 0.778629 0.023660
1 0.494153 0.807725 0.867339 0.020239
1 0.519556 0.833808 0.918145 0.023375
1 0.442137 0.859464 0.763306 0.019954
1 0.214919 0.918472 0.308871 0.017104
1 0.180242 0.933438 0.239516 0.016249
1 0.870161 0.919042 0.127419 0.008552
1 0.868952 0.934436 0.125000 0.010832
