0 0.500047 0.065422 0.242339 0.021950
0 0.499984 0.094213 0.272984 0.021380
0 0.500082 0.149800 0.079839 0.012258
1 0.438306 0.372862 0.755645 0.019954
1 0.444758 0.396522 0.768548 0.021095
1 0.266331 0.424458 0.411694 0.023375
1 0.475605 0.452109 0.830242 0.023375
1 0.375000 0.477765 0.629032 0.019954
1 0.410685 0.503991 0.700403 0.023375
1 0.439919 0.529076 0.758871 0.021095
1 0.417742 0.557013 0.714516 0.023375
1 0.452016 0.584664 0.783065 0.023375
1 0.348387 0.610462 0.575806 0.019669
1 0.454435 0.635547 0.787903 0.024800
1 0.458871 0.663483 0.796774 0.019669
1 0.469153 0.688569 0.817339 0.024800
1 0.438105 0.718358 0.755242 0.023375
2 0.224597 0.112600 0.142742 0.071266
1 0.232460 0.165051 0.343952 0.021095
1 0.231653 0.194128 0.342339 0.010262
1 0.732460 0.193843 0.416532 0.019954
1 0.763306 0.216790 0.349194 0.019669
1 0.499928 0.287058 0.162500 0.021095
1 0.500041 0.315707 0.039113 0.020810
1 0.500047 0.344213 0.526210 0.020810
3 0.141129 0.818130 0.120968 0.085519
3 0.362903 0.818130 0.120968 0.085519
4 0.745968 0.818130 0.120968 0.085519
1 0.285282 0.755416 0.449597 0.019954
1 0.149395 0.888113 0.177823 0.012828
1 0.371169 0.888113 0.177823 0.012828
5 0.214919 0.927024 0.308871 0.017104
5 0.180242 0.944840 0.239516 0.016249
5 0.870161 0.927594 0.127419 0.008552
5 0.868952 0.945838 0.125000 0.010832
