0 0.500047 0.065422 0.242339 0.021950
0 0.499984 0.094213 0.272984 0.021380
0 0.500082 0.149800 0.079839 0.012258
1 0.390323 0.374857 0.659677 0.023375
1 0.404839 0.402509 0.688710 0.023375
1 0.458468 0.428307 0.795968 0.019669
1 0.394355 0.454105 0.667742 0.023375
1 0.456250 0.479190 0.791532 0.021095
1 0.469960 0.505274 0.818952 0.019669
1 0.380847 0.529219 0.640726 0.019669
1 0.434879 0.552879 0.748790 0.020239
1 0.474395 0.577965 0.827823 0.019099
1 0.462097 0.601055 0.803226 0.019669
1 0.442137 0.626140 0.763306 0.024800
1 0.400403 0.655929 0.679839 0.023375
1 0.426008 0.683438 0.731048 0.023660
1 0.460685 0.709806 0.800403 0.019384
2 0.224597 0.112600 0.142742 0.071266
1 0.232460 0.165051 0.343952 0.021095
1 0.231653 0.194128 0.342339 0.010262
1 0.732460 0.193843 0.416532 0.019954
1 0.763306 0.216790 0.349194 0.019669
1 0.499928 0.287058 0.162500 0.021095
1 0.500041 0.315707 0.039113 0.020810
1 0.500047 0.344213 0.526210 0.020810
3 0.141129 0.807298 0.120968 0.085519
3 0.362903 0.807298 0.120968 0.085519
4 0.745968 0.807298 0.120968 0.085519
1 0.285282 0.744584 0.449597 0.019954
1 0.149395 0.877281 0.177823 0.012828
1 0.371169 0.877281 0.177823 0.012828
5 0.214919 0.916192 0.308871 0.017104
5 0.180242 0.934008 0.239516 0.016249
5 0.870161 0.916762 0.127419 0.008552
5 0.868952 0.935006 0.125000 0.010832
