0 0.500047 0.065422 0.242339 0.021950
0 0.499984 0.094213 0.272984 0.021380
0 0.500082 0.149800 0.079839 0.012258
1 0.476008 0.374145 0.831048 0.024800
1 0.459073 0.402081 0.797177 0.019669
1 0.474194 0.426026 0.827419 0.019669
1 0.390726 0.451824 0.660484 0.015964
1 0.286089 0.470068 0.451210 0.019954
1 0.361290 0.494299 0.601613 0.019954
1 0.434879 0.518672 0.748790 0.019669
1 0.380242 0.542617 0.639516 0.019669
1 0.472177 0.566562 0.823387 0.019669
1 0.440323 0.592360 0.759677 0.023375
1 0.310081 0.619299 0.499194 0.024800
1 0.459677 0.649088 0.798387 0.023375
1 0.475202 0.674886 0.829435 0.019669
1 0.465121 0.699971 0.809274 0.024800
1 0.387702 0.727908 0.654435 0.019669
2 0.224597 0.112600 0.142742 0.071266
1 0.232460 0.165051 0.343952 0.021095
1 0.231653 0.194128 0.342339 0.010262
1 0.732460 0.193843 0.416532 0.019954
1 0.763306 0.216790 0.349194 0.019669
1 0.499928 0.287058 0.162500 0.021095
1 0.500041 0.315707 0.039113 0.020810
1 0.500047 0.344213 0.526210 0.020810
3 0.141129 0.825827 0.120968 0.085519
3 0.362903 0.825827 0.120968 0.085519
4 0.745968 0.825827 0.120968 0.085519
1 0.285282 0.763113 0.449597 0.019954
1 0.149395 0.895810 0.177823 0.012828
1 0.371169 0.895810 0.177823 0.012828
5 0.214919 0.934721 0.308871 0.017104
5 0.180242 0.952537 0.239516 0.016249
5 0.870161 0.935291 0.127419 0.008552
5 0.868952 0.953535 0.125000 0.010832
