0 0.500047 0.065422 0.242339 0.021950
0 0.499984 0.094213 0.272984 0.021380
0 0.500082 0.149800 0.079839 0.012258
1 0.473387 0.373005 0.825806 0.019669
1 0.446169 0.398803 0.771371 0.023375
1 0.500000 0.424458 0.879032 0.019954
1 0.299395 0.448974 0.477823 0.019384
1 0.376815 0.473632 0.632661 0.024800
1 0.435484 0.502708 0.750000 0.024800
1 0.533266 0.529932 0.945565 0.021095
1 0.458669 0.557155 0.796371 0.024800
1 0.296976 0.586231 0.472984 0.024800
1 0.567137 0.616021 1.013306 0.023375
1 0.438508 0.642959 0.756048 0.024800
1 0.223185 0.670182 0.325403 0.021095
1 0.495161 0.695553 0.869355 0.021095
1 0.065927 0.722064 0.010887 0.009692
1 0.631653 0.736460 1.142339 0.013968
1 0.408266 0.753848 0.695565 0.019669
1 0.292137 0.778079 0.463306 0.019099
2 0.224597 0.112600 0.142742 0.071266
1 0.232460 0.165051 0.343952 0.021095
1 0.231653 0.194128 0.342339 0.010262
1 0.732460 0.193843 0.416532 0.019954
1 0.763306 0.216790 0.349194 0.019669
1 0.499928 0.287058 0.162500 0.021095
1 0.500041 0.315707 0.039113 0.020810
1 0.500047 0.344213 0.526210 0.020810
3 0.141129 0.875143 0.120968 0.085519
3 0.362903 0.875143 0.120968 0.085519
4 0.745968 0.875143 0.120968 0.085519
1 0.285282 0.812429 0.449597 0.019954
1 0.149395 0.945125 0.177823 0.012828
1 0.371169 0.945125 0.177823 0.012828
5 0.214919 0.984036 0.308871 0.017104
5 0.180242 1.001853 0.239516 0.016249
5 0.870161 0.984607 0.127419 0.008552
5 0.868952 1.002851 0.125000 0.010832
