0 0.500047 0.065422 0.242339 0.021950
0 0.499984 0.094213 0.272984 0.021380
0 0.500082 0.149800 0.079839 0.012258
1 0.285282 0.373005 0.449597 0.019669
1 0.388911 0.396950 0.656855 0.019669
1 0.373387 0.420895 0.625806 0.019669
1 0.464315 0.446693 0.807661 0.023375
1 0.445766 0.472491 0.770565 0.019669
1 0.440323 0.498290 0.759677 0.023375
1 0.328226 0.524088 0.535484 0.019669
1 0.292540 0.548033 0.464113 0.019669
1 0.362097 0.573831 0.603226 0.023375
1 0.445363 0.599629 0.769758 0.019669
1 0.380847 0.623575 0.640726 0.019669
1 0.363508 0.647520 0.606048 0.019669
1 0.454637 0.671465 0.788306 0.019669
1 0.259677 0.694840 0.398387 0.020810
1 0.514516 0.719783 0.908065 0.021095
1 0.461492 0.745867 0.802016 0.019669
1 0.162702 0.767816 0.204435 0.014538
1 0.640121 0.788483 1.159274 0.019954
1 0.065927 0.814567 0.010887 0.012828
2 0.224597 0.112600 0.142742 0.071266
1 0.232460 0.165051 0.343952 0.021095
1 0.231653 0.194128 0.342339 0.010262
1 0.732460 0.193843 0.416532 0.019954
1 0.763306 0.216790 0.349194 0.019669
1 0.499928 0.287058 0.162500 0.021095
1 0.500041 0.315707 0.039113 0.020810
1 0.500047 0.344213 0.526210 0.020810
3 0.141129 0.903934 0.120968 0.085519
3 0.362903 0.903934 0.120968 0.085519
4 0.745968 0.903934 0.120968 0.085519
1 0.285282 0.841220 0.449597 0.019954
1 0.149395 0.973917 0.177823 0.012828
1 0.371169 0.973917 0.177823 0.012828
5 0.214919 1.012828 0.308871 0.017104
5 0.180242 1.030644 0.239516 0.016249
5 0.870161 1.013398 0.127419 0.008552
5 0.868952 1.031642 0.125000 0.010832
