0 0.500047 0.065422 0.242339 0.021950
0 0.499984 0.094213 0.272984 0.021380
0 0.500082 0.149800 0.079839 0.012258
1 0.338105 0.373005 0.555242 0.019669
1 0.372984 0.398803 0.625000 0.023375
1 0.413306 0.424601 0.705645 0.019669
1 0.451411 0.448546 0.781855 0.019669
1 0.387500 0.474344 0.654032 0.023375
1 0.414516 0.500143 0.708065 0.019669
1 0.308065 0.524088 0.495161 0.019669
1 0.427016 0.548033 0.733065 0.019669
1 0.234879 0.571978 0.348790 0.019669
1 0.392540 0.595924 0.664113 0.019669
1 0.456452 0.619869 0.791935 0.019669
1 0.254435 0.643814 0.387903 0.019669
1 0.451210 0.667902 0.781452 0.019384
1 0.292944 0.693273 0.464919 0.023375
1 0.388105 0.720211 0.655242 0.024800
1 0.363105 0.748147 0.605242 0.019669
1 0.435282 0.772092 0.749597 0.019669
1 0.625403 0.797891 1.129839 0.023375
1 0.159073 0.821408 0.197177 0.015108
2 0.224597 0.112600 0.142742 0.071266
1 0.232460 0.165051 0.343952 0.021095
1 0.231653 0.194128 0.342339 0.010262
1 0.732460 0.193843 0.416532 0.019954
1 0.763306 0.216790 0.349194 0.019669
1 0.499928 0.287058 0.162500 0.021095
1 0.500041 0.315707 0.039113 0.020810
1 0.500047 0.344213 0.526210 0.020810
3 0.141129 0.917047 0.120968 0.085519
3 0.362903 0.917047 0.120968 0.085519
4 0.745968 0.917047 0.120968 0.085519
1 0.285282 0.854333 0.449597 0.019954
1 0.149395 0.987030 0.177823 0.012828
1 0.371169 0.987030 0.177823 0.012828
5 0.214919 1.025941 0.308871 0.017104
5 0.180242 1.043757 0.239516 0.016249
5 0.870161 1.026511 0.127419 0.008552
5 0.868952 1.044755 0.125000 0.010832
