0 0.500047 0.065422 0.242339 0.021950
0 0.499984 0.094213 0.272984 0.021380
0 0.500082 0.149800 0.079839 0.012258
1 0.456653 0.374145 0.792339 0.024800
1 0.378226 0.401368 0.635484 0.021095
1 0.285887 0.427452 0.450806 0.019669
1 0.345161 0.451397 0.569355 0.019669
1 0.417742 0.475342 0.714516 0.019669
1 0.419758 0.501140 0.718548 0.023375
1 0.415121 0.528791 0.709274 0.023375
1 0.323589 0.556442 0.526210 0.023375
1 0.477823 0.581528 0.834677 0.021095
1 0.446169 0.608751 0.771371 0.024800
1 0.140323 0.634692 0.159677 0.014538
1 0.530040 0.657355 0.939113 0.023375
1 0.340927 0.683010 0.560887 0.019954
1 0.472984 0.708666 0.825000 0.024515
1 0.446976 0.738027 0.772984 0.023375
1 0.472379 0.763826 0.823790 0.019669
1 0.432056 0.788911 0.743145 0.024800
1 0.113105 0.818273 0.105242 0.012828
2 0.224597 0.112600 0.142742 0.071266
1 0.232460 0.165051 0.343952 0.021095
1 0.231653 0.194128 0.342339 0.010262
1 0.732460 0.193843 0.416532 0.019954
1 0.763306 0.216790 0.349194 0.019669
1 0.499928 0.287058 0.162500 0.021095
1 0.500041 0.315707 0.039113 0.020810
1 0.500047 0.344213 0.526210 0.020810
3 0.141129 0.907925 0.120968 0.085519
3 0.362903 0.907925 0.120968 0.085519
4 0.745968 0.907925 0.120968 0.085519
1 0.285282 0.845211 0.449597 0.019954
1 0.149395 0.977908 0.177823 0.012828
1 0.371169 0.977908 0.177823 0.012828
5 0.214919 1.016819 0.308871 0.017104
5 0.180242 1.034635 0.239516 0.016249
5 0.870161 1.017389 0.127419 0.008552
5 0.868952 1.035633 0.125000 0.010832
