0 0.500047 0.065422 0.242339 0.021950
0 0.499984 0.094213 0.272984 0.021380
0 0.500082 0.149800 0.079839 0.012258
1 0.084677 0.373290 0.048387 0.019099
1 0.454435 0.397520 0.787903 0.024800
1 0.437500 0.426596 0.754032 0.024800
1 0.438710 0.454390 0.756452 0.019954
1 0.375000 0.479903 0.629032 0.024800
1 0.441331 0.508979 0.761694 0.024800
1 0.398185 0.536916 0.675403 0.019669
1 0.400403 0.562714 0.679839 0.023375
1 0.336895 0.588512 0.552823 0.019669
1 0.429637 0.612030 0.738306 0.021665
1 0.371371 0.638398 0.621774 0.019669
1 0.447782 0.664054 0.774597 0.023660
1 0.473589 0.692132 0.826210 0.023375
1 0.252419 0.720068 0.383871 0.022805
1 0.434274 0.746722 0.747581 0.023660
1 0.403024 0.772948 0.685081 0.019669
2 0.224597 0.112600 0.142742 0.071266
1 0.232460 0.165051 0.343952 0.021095
1 0.231653 0.194128 0.342339 0.010262
1 0.732460 0.193843 0.416532 0.019954
1 0.763306 0.216790 0.349194 0.019669
1 0.499928 0.287058 0.162500 0.021095
1 0.500041 0.315707 0.039113 0.020810
1 0.500047 0.344213 0.526210 0.020810
3 0.141129 0.870867 0.120968 0.085519
3 0.362903 0.870867 0.120968 0.085519
4 0.745968 0.870867 0.120968 0.085519
1 0.285282 0.808153 0.449597 0.019954
1 0.149395 0.940849 0.177823 0.012828
1 0.371169 0.940849 0.177823 0.012828
5 0.214919 0.979761 0.308871 0.017104
5 0.180242 0.997577 0.239516 0.016249
5 0.870161 0.980331 0.127419 0.008552
5 0.868952 0.998575 0.125000 0.010832
