0 0.500047 0.065422 0.242339 0.021950
0 0.499984 0.094213 0.272984 0.021380
0 0.500082 0.149800 0.079839 0.012258
1 0.473790 0.374857 0.826613 0.023375
1 0.333669 0.402509 0.546371 0.023375
1 0.295968 0.430160 0.470968 0.023375
1 0.329435 0.457811 0.537903 0.023375
1 0.413306 0.483609 0.705645 0.019669
1 0.401008 0.509407 0.681048 0.023375
1 0.361290 0.537058 0.601613 0.023375
1 0.317339 0.564709 0.513710 0.023375
1 0.404435 0.590507 0.687903 0.019669
1 0.398790 0.616306 0.676613 0.023375
1 0.190323 0.642674 0.259677 0.014538
1 0.390121 0.662201 0.659274 0.024515
1 0.472984 0.690849 0.825000 0.024800
1 0.543347 0.720639 0.965726 0.023375
1 0.426411 0.746437 0.731855 0.019669
1 0.372984 0.770382 0.625000 0.019669
1 0.298992 0.794327 0.477016 0.019669
1 0.425202 0.820125 0.729435 0.023375
1 0.256250 0.847777 0.391532 0.023375
2 0.224597 0.112600 0.142742 0.071266
1 0.232460 0.165051 0.343952 0.021095
1 0.231653 0.194128 0.342339 0.010262
1 0.732460 0.193843 0.416532 0.019954
1 0.763306 0.216790 0.349194 0.019669
1 0.499928 0.287058 0.162500 0.021095
1 0.500041 0.315707 0.039113 0.020810
1 0.500047 0.344213 0.526210 0.020810
3 0.141129 0.947548 0.120968 0.085519
3 0.362903 0.947548 0.120968 0.085519
4 0.745968 0.947548 0.120968 0.085519
1 0.285282 0.884835 0.449597 0.019954
1 0.149395 1.017531 0.177823 0.012828
1 0.371169 1.017531 0.177823 0.012828
5 0.214919 1.056442 0.308871 0.017104
5 0.180242 1.074259 0.239516 0.016249
5 0.870161 1.057013 0.127419 0.008552
5 0.868952 1.075257 0.125000 0.010832
