0 0.500047 0.065422 0.242339 0.021950
0 0.499984 0.094213 0.272984 0.021380
0 0.500082 0.149800 0.079839 0.012258
1 0.458871 0.373290 0.796774 0.020239
1 0.460484 0.397520 0.800000 0.019669
1 0.388911 0.423318 0.660081 0.023375
1 0.418548 0.450969 0.716129 0.023375
1 0.430645 0.476767 0.740323 0.019669
1 0.262500 0.500998 0.404032 0.019099
1 0.682258 0.523660 1.246774 0.021665
1 0.432863 0.550171 0.744758 0.019384
1 0.403629 0.575542 0.686290 0.023375
1 0.378427 0.601625 0.635887 0.020239
1 0.450000 0.625998 0.779032 0.019384
1 0.360887 0.651368 0.600806 0.023375
1 0.428629 0.679019 0.736290 0.023375
1 0.500403 0.706670 0.879839 0.023375
1 0.181653 0.733894 0.242339 0.012828
2 0.224597 0.112600 0.142742 0.071266
1 0.232460 0.165051 0.343952 0.021095
1 0.231653 0.194128 0.342339 0.010262
1 0.732460 0.193843 0.416532 0.019954
1 0.763306 0.216790 0.349194 0.019669
1 0.499928 0.287058 0.162500 0.021095
1 0.500041 0.315707 0.039113 0.020810
1 0.500047 0.344213 0.526210 0.020810
3 0.141129 0.823546 0.120968 0.085519
3 0.362903 0.823546 0.120968 0.085519
4 0.745968 0.823546 0.120968 0.085519
1 0.285282 0.760832 0.449597 0.019954
1 0.149395 0.893529 0.177823 0.012828
1 0.371169 0.893529 0.177823 0.012828
5 0.214919 0.932440 0.308871 0.017104
5 0.180242 0.950257 0.239516 0.016249
5 0.870161 0.933010 0.127419 0.008552
5 0.868952 0.951254 0.125000 0.010832
