0 0.500047 0.065422 0.242339 0.021950
0 0.499984 0.094213 0.272984 0.021380
0 0.500082 0.149800 0.079839 0.012258
1 0.478427 0.373005 0.835887 0.019669
1 0.478629 0.396950 0.836290 0.019669
1 0.419355 0.420895 0.717742 0.019669
1 0.429637 0.444840 0.738306 0.019669
1 0.417742 0.470639 0.714516 0.023375
1 0.464718 0.498147 0.808468 0.023660
1 0.347984 0.524373 0.575000 0.019669
1 0.346573 0.548318 0.572177 0.019669
1 0.381048 0.572263 0.641129 0.019669
1 0.430444 0.596494 0.739919 0.020239
1 0.320161 0.620724 0.519355 0.019669
1 0.242339 0.644812 0.363710 0.019384
1 0.297581 0.668187 0.474194 0.019954
1 0.444556 0.692560 0.768145 0.019669
1 0.147379 0.716505 0.173790 0.019669
1 0.412298 0.742303 0.703629 0.023375
2 0.224597 0.112600 0.142742 0.071266
1 0.232460 0.165051 0.343952 0.021095
1 0.231653 0.194128 0.342339 0.010262
1 0.732460 0.193843 0.416532 0.019954
1 0.763306 0.216790 0.349194 0.019669
1 0.499928 0.287058 0.162500 0.021095
1 0.500041 0.315707 0.039113 0.020810
1 0.500047 0.344213 0.526210 0.020810
3 0.141129 0.842075 0.120968 0.085519
3 0.362903 0.842075 0.120968 0.085519
4 0.745968 0.842075 0.120968 0.085519
1 0.285282 0.779361 0.449597 0.019954
1 0.149395 0.912058 0.177823 0.012828
1 0.371169 0.912058 0.177823 0.012828
5 0.214919 0.950969 0.308871 0.017104
5 0.180242 0.968786 0.239516 0.016249
5 0.870161 0.951539 0.127419 0.008552
5 0.868952 0.969783 0.125000 0.010832
