0 0.500047 0.065422 0.242339 0.021950
0 0.499984 0.094213 0.272984 0.021380
0 0.500082 0.149800 0.079839 0.012258
1 0.279032 0.372862 0.437097 0.019954
1 0.326815 0.399088 0.532661 0.023375
1 0.475000 0.426026 0.829032 0.024800
1 0.449194 0.453962 0.777419 0.019669
1 0.453831 0.479048 0.786694 0.024800
1 0.455040 0.508837 0.789113 0.023375
1 0.359879 0.536488 0.598790 0.023375
1 0.478024 0.564139 0.835081 0.023375
1 0.308669 0.589795 0.496371 0.019954
1 0.730847 0.616021 1.340726 0.023375
1 0.353629 0.642104 0.586290 0.020239
1 0.427823 0.668187 0.734677 0.023375
1 0.443145 0.693273 0.765323 0.021095
1 0.362903 0.721209 0.604839 0.023375
1 0.399597 0.748717 0.678226 0.023660
1 0.418347 0.776796 0.715726 0.023375
1 0.145968 0.802594 0.170968 0.019669
1 0.480242 0.827680 0.839516 0.024800
2 0.224597 0.112600 0.142742 0.071266
1 0.232460 0.165051 0.343952 0.021095
1 0.231653 0.194128 0.342339 0.010262
1 0.732460 0.193843 0.416532 0.019954
1 0.763306 0.216790 0.349194 0.019669
1 0.499928 0.287058 0.162500 0.021095
1 0.500041 0.315707 0.039113 0.020810
1 0.500047 0.344213 0.526210 0.020810
3 0.141129 0.929590 0.120968 0.085519
3 0.362903 0.929590 0.120968 0.085519
4 0.745968 0.929590 0.120968 0.085519
1 0.285282 0.866876 0.449597 0.019954
1 0.149395 0.999572 0.177823 0.012828
1 0.371169 0.999572 0.177823 0.012828
5 0.214919 1.038483 0.308871 0.017104
5 0.180242 1.056300 0.239516 0.016249
5 0.870161 1.039054 0.127419 0.008552
5 0.868952 1.057298 0.125000 0.010832
