0 0.500047 0.065422 0.242339 0.021950
0 0.499984 0.094213 0.272984 0.021380
0 0.500082 0.149800 0.079839 0.012258
1 0.401815 0.373290 0.682661 0.019099
1 0.423387 0.398233 0.725806 0.023375
1 0.470363 0.425171 0.819758 0.024800
1 0.412298 0.454960 0.703629 0.023375
1 0.322782 0.480046 0.524597 0.021095
1 0.413911 0.507839 0.706855 0.023660
1 0.374798 0.534065 0.628629 0.019669
1 0.479637 0.559863 0.838306 0.023375
1 0.470161 0.587514 0.822581 0.023375
1 0.300000 0.613312 0.479032 0.019669
1 0.351210 0.639111 0.581452 0.023375
1 0.440524 0.664909 0.760081 0.019669
1 0.471774 0.690707 0.822581 0.023375
1 0.185887 0.714367 0.250806 0.014823
1 0.411290 0.735604 0.701613 0.019669
1 0.466331 0.761403 0.811694 0.023375
1 0.207056 0.787201 0.293145 0.019669
2 0.224597 0.112600 0.142742 0.071266
1 0.232460 0.165051 0.343952 0.021095
1 0.231653 0.194128 0.342339 0.010262
1 0.732460 0.193843 0.416532 0.019954
1 0.763306 0.216790 0.349194 0.019669
1 0.499928 0.287058 0.162500 0.021095
1 0.500041 0.315707 0.039113 0.020810
1 0.500047 0.344213 0.526210 0.020810
3 0.141129 0.885120 0.120968 0.085519
3 0.362903 0.885120 0.120968 0.085519
4 0.745968 0.885120 0.120968 0.085519
1 0.285282 0.822406 0.449597 0.019954
1 0.149395 0.955103 0.177823 0.012828
1 0.371169 0.955103 0.177823 0.012828
5 0.214919 0.994014 0.308871 0.017104
5 0.180242 1.011830 0.239516 0.016249
5 0.870161 0.994584 0.127419 0.008552
5 0.868952 1.012828 0.125000 0.010832
