0 0.500047 0.065422 0.242339 0.021950
0 0.499984 0.094213 0.272984 0.021380
0 0.500082 0.149800 0.079839 0.012258
1 0.443952 0.372719 0.766935 0.020239
1 0.277016 0.399373 0.433065 0.023375
1 0.450202 0.425171 0.779435 0.019669
1 0.354435 0.449401 0.587903 0.020239
1 0.410887 0.473632 0.700806 0.019669
1 0.410685 0.497577 0.700403 0.019669
1 0.292339 0.523375 0.463710 0.023375
1 0.437903 0.549031 0.754839 0.019954
1 0.349597 0.573404 0.578226 0.019669
1 0.470968 0.597349 0.820968 0.019669
1 0.349395 0.621437 0.577823 0.019384
1 0.434274 0.646950 0.747581 0.023090
1 0.318548 0.674458 0.516129 0.022805
1 0.336694 0.701112 0.552419 0.023660
1 0.377621 0.727195 0.634274 0.019954
1 0.417540 0.751568 0.714113 0.019669
1 0.230242 0.775371 0.339516 0.019954
2 0.224597 0.112600 0.142742 0.071266
1 0.232460 0.165051 0.343952 0.021095
1 0.231653 0.194128 0.342339 0.010262
1 0.732460 0.193843 0.416532 0.019954
1 0.763306 0.216790 0.349194 0.019669
1 0.499928 0.287058 0.162500 0.021095
1 0.500041 0.315707 0.039113 0.020810
1 0.500047 0.344213 0.526210 0.020810
3 0.141129 0.873717 0.120968 0.085519
3 0.362903 0.873717 0.120968 0.085519
4 0.745968 0.873717 0.120968 0.085519
1 0.285282 0.811003 0.449597 0.019954
1 0.149395 0.943700 0.177823 0.012828
1 0.371169 0.943700 0.177823 0.012828
5 0.214919 0.982611 0.308871 0.017104
5 0.180242 1.000428 0.239516 0.016249
5 0.870161 0.983181 0.127419 0.008552
5 0.868952 1.001425 0.125000 0.010832
