0 0.500047 0.065422 0.242339 0.021950
0 0.499984 0.094213 0.272984 0.021380
0 0.500082 0.149800 0.079839 0.012258
1 0.460887 0.373005 0.800806 0.019669
1 0.408468 0.398803 0.695968 0.023375
1 0.273992 0.424601 0.427016 0.019669
1 0.358065 0.448689 0.595161 0.019384
1 0.439113 0.472206 0.757258 0.019669
1 0.313508 0.496152 0.506048 0.019669
1 0.416129 0.520097 0.711290 0.019669
1 0.505040 0.545895 0.889113 0.023375
1 0.425000 0.570981 0.729032 0.021095
1 0.459274 0.597064 0.797581 0.019669
1 0.420968 0.622862 0.720968 0.023375
1 0.337097 0.648660 0.553226 0.019669
1 0.348387 0.672605 0.575806 0.019669
1 0.354032 0.696266 0.587097 0.020239
2 0.224597 0.112600 0.142742 0.071266
1 0.232460 0.165051 0.343952 0.021095
1 0.231653 0.194128 0.342339 0.010262
1 0.732460 0.193843 0.416532 0.019954
1 0.763306 0.216790 0.349194 0.019669
1 0.499928 0.287058 0.162500 0.021095
1 0.500041 0.315707 0.039113 0.020810
1 0.500047 0.344213 0.526210 0.020810
3 0.141129 0.795040 0.120968 0.085519
3 0.362903 0.795040 0.120968 0.085519
4 0.745968 0.795040 0.120968 0.085519
1 0.285282 0.732326 0.449597 0.019954
1 0.149395 0.865023 0.177823 0.012828
1 0.371169 0.865023 0.177823 0.012828
5 0.214919 0.903934 0.308871 0.017104
5 0.180242 0.921750 0.239516 0.016249
5 0.870161 0.904504 0.127419 0.008552
5 0.868952 0.922748 0.125000 0.010832
