0 0.500047 0.065422 0.242339 0.021950
0 0.499984 0.094213 0.272984 0.021380
0 0.500082 0.149800 0.079839 0.012258
1 0.460282 0.372862 0.799597 0.019954
1 0.239516 0.397520 0.358065 0.019099
1 0.466532 0.420468 0.812097 0.019954
1 0.476210 0.444840 0.831452 0.019669
1 0.473790 0.470353 0.826613 0.023945
1 0.287903 0.498432 0.454839 0.024230
1 0.300605 0.527366 0.480242 0.023375
1 0.464516 0.554304 0.808065 0.024800
1 0.421573 0.581528 0.722177 0.021095
1 0.453024 0.608751 0.785081 0.024800
1 0.463105 0.638540 0.805242 0.023375
1 0.479435 0.664339 0.837903 0.019669
1 0.368750 0.689424 0.616532 0.024800
1 0.286089 0.718501 0.451210 0.024800
2 0.224597 0.112600 0.142742 0.071266
1 0.232460 0.165051 0.343952 0.021095
1 0.231653 0.194128 0.342339 0.010262
1 0.732460 0.193843 0.416532 0.019954
1 0.763306 0.216790 0.349194 0.019669
1 0.499928 0.287058 0.162500 0.021095
1 0.500041 0.315707 0.039113 0.020810
1 0.500047 0.344213 0.526210 0.020810
3 0.141129 0.820410 0.120968 0.085519
3 0.362903 0.820410 0.120968 0.085519
4 0.745968 0.820410 0.120968 0.085519
1 0.285282 0.757697 0.449597 0.019954
1 0.149395 0.890393 0.177823 0.012828
1 0.371169 0.890393 0.177823 0.012828
5 0.214919 0.929304 0.308871 0.017104
5 0.180242 0.947121 0.239516 0.016249
5 0.870161 0.929875 0.127419 0.008552
5 0.868952 0.948119 0.125000 0.010832
