0 0.500047 0.065422 0.242339 0.021950
0 0.499984 0.094213 0.272984 0.021380
0 0.500082 0.149800 0.079839 0.012258
1 0.388911 0.374857 0.656855 0.023375
1 0.391935 0.400941 0.662903 0.020239
1 0.390726 0.427024 0.660484 0.023375
1 0.252016 0.452822 0.383065 0.019669
1 0.640323 0.476767 1.159677 0.020810
1 0.417944 0.502993 0.714919 0.024800
1 0.255444 0.530929 0.389919 0.019669
1 0.361290 0.554875 0.601613 0.019669
1 0.472177 0.580673 0.823387 0.023375
1 0.445766 0.608324 0.773790 0.023375
1 0.441331 0.634122 0.761694 0.019669
1 0.451815 0.658352 0.782661 0.020239
1 0.421169 0.684436 0.721371 0.023375
1 0.475403 0.710234 0.829839 0.019669
1 0.286492 0.734607 0.452016 0.019954
2 0.224597 0.112600 0.142742 0.071266
1 0.232460 0.165051 0.343952 0.021095
1 0.231653 0.194128 0.342339 0.010262
1 0.732460 0.193843 0.416532 0.019954
1 0.763306 0.216790 0.349194 0.019669
1 0.499928 0.287058 0.162500 0.021095
1 0.500041 0.315707 0.039113 0.020810
1 0.500047 0.344213 0.526210 0.020810
3 0.141129 0.832383 0.120968 0.085519
3 0.362903 0.832383 0.120968 0.085519
4 0.745968 0.832383 0.120968 0.085519
1 0.285282 0.769669 0.449597 0.019954
1 0.149395 0.902366 0.177823 0.012828
1 0.371169 0.902366 0.177823 0.012828
5 0.214919 0.941277 0.308871 0.017104
5 0.180242 0.959094 0.239516 0.016249
5 0.870161 0.941847 0.127419 0.008552
5 0.868952 0.960091 0.125000 0.010832
