0 0.500047 0.065422 0.242339 0.021950
0 0.499984 0.094213 0.272984 0.021380
0 0.500082 0.149800 0.079839 0.012258
1 0.234476 0.373005 0.347984 0.019669
1 0.397581 0.397092 0.674194 0.019384
1 0.439315 0.420610 0.757661 0.019669
1 0.475605 0.446266 0.830242 0.023660
1 0.439919 0.472491 0.758871 0.019669
1 0.463508 0.496294 0.806048 0.019954
1 0.425403 0.519954 0.729839 0.021095
1 0.385484 0.546038 0.650000 0.019669
1 0.543145 0.569983 0.965323 0.019669
1 0.370565 0.593928 0.620161 0.019669
1 0.462298 0.619014 0.803629 0.024800
1 0.330444 0.647235 0.539919 0.020239
1 0.256048 0.673603 0.391129 0.022805
1 0.459677 0.698546 0.798387 0.019669
1 0.313508 0.724629 0.506048 0.022805
1 0.467742 0.751425 0.814516 0.023375
1 0.325806 0.777223 0.530645 0.019669
2 0.224597 0.112600 0.142742 0.071266
1 0.232460 0.165051 0.343952 0.021095
1 0.231653 0.194128 0.342339 0.010262
1 0.732460 0.193843 0.416532 0.019954
1 0.763306 0.216790 0.349194 0.019669
1 0.499928 0.287058 0.162500 0.021095
1 0.500041 0.315707 0.039113 0.020810
1 0.500047 0.344213 0.526210 0.020810
3 0.141129 0.875143 0.120968 0.085519
3 0.362903 0.875143 0.120968 0.085519
4 0.745968 0.875143 0.120968 0.085519
1 0.285282 0.812429 0.449597 0.019954
1 0.149395 0.945125 0.177823 0.012828
1 0.371169 0.945125 0.177823 0.012828
5 0.214919 0.984036 0.308871 0.017104
5 0.180242 1.001853 0.239516 0.016249
5 0.870161 0.984607 0.127419 0.008552
5 0.868952 1.002851 0.125000 0.010832
