0 0.500047 0.065422 0.242339 0.021950
0 0.499984 0.094213 0.272984 0.021380
0 0.500082 0.149800 0.079839 0.012258
1 0.438306 0.372862 0.755645 0.019954
1 0.444758 0.396522 0.768548 0.021095
1 0.266331 0.424458 0.411694 0.023375
1 0.475605 0.452109 0.830242 0.023375
1 0.375000 0.477765 0.629032 0.019954
1 0.410685 0.503991 0.700403 0.023375
1 0.439919 0.529076 0.758871 0.021095
1 0.492137 0.557013 0.863306 0.023375
1 0.409274 0.584664 0.697581 0.023375
1 0.316532 0.610462 0.512097 0.019669
1 0.454435 0.635547 0.787903 0.024800
1 0.458871 0.663483 0.796774 0.019669
1 0.469153 0.688569 0.817339 0.024800
1 0.464919 0.718358 0.808871 0.023375
1 0.454435 0.745296 0.787903 0.024800
1 0.480645 0.774373 0.840323 0.024800
1 0.453831 0.804019 0.786694 0.023660
1 0.316734 0.829532 0.512500 0.021095
1 0.441331 0.856756 0.761694 0.024800
1 0.398185 0.884692 0.675403 0.019669
1 0.400403 0.910490 0.679839 0.023375
1 0.336895 0.936288 0.552823 0.019669
1 0.429637 0.959806 0.738306 0.021665
1 0.480242 0.988027 0.839516 0.023375
1 0.338911 1.015536 0.556855 0.023660
1 0.473589 1.043615 0.826210 0.023375
1 0.252419 1.071551 0.383871 0.022805
1 0.483669 1.098204 0.846371 0.023660
1 0.499194 1.124430 0.877419 0.019669
1 0.479637 1.148375 0.838306 0.019669
1 0.460484 1.174173 0.800000 0.023375
1 0.358065 1.200114 0.595161 0.019384
1 0.439113 1.223632 0.757258 0.019669
1 0.486694 1.247577 0.852419 0.019669
1 0.242944 1.271522 0.364919 0.019669
1 0.505040 1.297320 0.889113 0.023375
1 0.485484 1.322406 0.850000 0.021095
1 0.490524 1.348489 0.860081 0.019669
1 0.432056 1.374287 0.743145 0.023375
1 0.234073 1.400086 0.347177 0.019669
1 0.348387 1.424031 0.575806 0.019669
1 0.455847 1.447691 0.790726 0.020239
1 0.400202 1.474344 0.679435 0.023375
1 0.292944 1.501995 0.464919 0.023375
1 0.458468 1.527794 0.795968 0.019669
1 0.495766 1.553592 0.870565 0.023375
1 0.355040 1.578677 0.589113 0.021095
1 0.496573 1.604761 0.872177 0.019669
1 0.354234 1.628563 0.587500 0.019384
1 0.434879 1.652081 0.748790 0.020239
1 0.474395 1.677166 0.827823 0.019099
1 0.462097 1.700257 0.803226 0.019669
1 0.492540 1.725342 0.864113 0.024800
1 0.350202 1.755131 0.579435 0.023375
1 0.486694 1.782640 0.852419 0.023660
1 0.400000 1.809008 0.679032 0.019384
1 0.482460 1.834379 0.843952 0.023375
1 0.228629 1.860177 0.336290 0.019669
1 0.413306 1.884122 0.705645 0.019669
1 0.482863 1.908067 0.844758 0.019669
1 0.478427 1.933865 0.835887 0.023375
1 0.292137 1.958666 0.463306 0.017674
1 0.308065 1.981613 0.495161 0.019669
1 0.427016 2.005559 0.733065 0.019669
1 0.234879 2.029504 0.348790 0.019669
1 0.392540 2.053449 0.664113 0.019669
1 0.456452 2.077395 0.791935 0.019669
1 0.254435 2.101340 0.387903 0.019669
1 0.451210 2.125428 0.781452 0.019384
1 0.292944 2.150798 0.464919 0.023375
1 0.388105 2.177737 0.655242 0.024800
1 0.495565 2.205673 0.870161 0.019669
1 0.302823 2.229618 0.484677 0.019669
1 0.625403 2.255416 1.129839 0.023375
1 0.482056 2.282355 0.843145 0.024800
1 0.499194 2.309578 0.877419 0.021095
1 0.492137 2.335661 0.863306 0.019669
1 0.428024 2.359892 0.735081 0.019099
1 0.286089 2.382839 0.451210 0.019954
1 0.361290 2.407070 0.601613 0.019954
1 0.434879 2.431442 0.748790 0.019669
1 0.380242 2.455388 0.639516 0.019669
1 0.472177 2.479333 0.823387 0.019669
1 0.481855 2.505131 0.842742 0.023375
1 0.448992 2.532070 0.777016 0.024800
1 0.279234 2.561859 0.437500 0.023375
1 0.494153 2.587657 0.867339 0.019669
1 0.446169 2.612742 0.771371 0.024800
1 0.387702 2.640678 0.654435 0.019669
1 0.473387 2.664624 0.825806 0.019669
1 0.446169 2.690422 0.771371 0.023375
1 0.500000 2.716078 0.879032 0.019954
1 0.299395 2.740593 0.477823 0.019384
1 0.376815 2.765251 0.632661 0.024800
1 0.435484 2.794327 0.750000 0.024800
1 0.533266 2.821551 0.945565 0.021095
1 0.458669 2.848774 0.796371 0.024800
1 0.296976 2.877851 0.472984 0.024800
1 0.567137 2.907640 1.013306 0.023375
1 0.481653 2.934578 0.842339 0.024800
1 0.180040 2.961802 0.239113 0.021095
1 0.495161 2.987172 0.869355 0.021095
1 0.065927 3.013683 0.010887 0.009692
1 0.631653 3.028079 1.142339 0.013968
1 0.408266 3.045468 0.695565 0.019669
1 0.468750 3.069413 0.816532 0.019669
1 0.397581 3.093501 0.674194 0.019384
1 0.439315 3.117018 0.757661 0.019669
1 0.475605 3.142674 0.830242 0.023660
1 0.439919 3.168900 0.758871 0.019669
1 0.463508 3.192702 0.806048 0.019954
1 0.425403 3.216363 0.729839 0.021095
1 0.385484 3.242446 0.650000 0.019669
1 0.543145 3.266391 0.965323 0.019669
1 0.370565 3.290336 0.620161 0.019669
1 0.462298 3.315422 0.803629 0.024800
1 0.330444 3.343643 0.539919 0.020239
1 0.256048 3.370011 0.391129 0.022805
1 0.459677 3.394954 0.798387 0.019669
1 0.313508 3.421038 0.506048 0.022805
1 0.467742 3.447834 0.814516 0.023375
1 0.498992 3.473632 0.877016 0.019669
1 0.489919 3.499145 0.858871 0.023945
1 0.450202 3.525798 0.779435 0.019669
1 0.495766 3.550029 0.870565 0.020239
1 0.478831 3.574259 0.836694 0.019669
1 0.436089 3.600057 0.751210 0.023375
1 0.437903 3.625713 0.754839 0.019954
1 0.349597 3.650086 0.578226 0.019669
1 0.480847 3.674031 0.840726 0.019669
1 0.339315 3.698119 0.557661 0.019384
1 0.490726 3.723632 0.860484 0.023090
1 0.445968 3.750713 0.770968 0.023660
1 0.472782 3.776796 0.824597 0.019954
1 0.499194 3.801026 0.877419 0.019954
1 0.435887 3.825399 0.750806 0.019669
1 0.328629 3.849344 0.536290 0.019669
1 0.470565 3.873290 0.820161 0.019669
1 0.468145 3.897235 0.815323 0.019669
1 0.423589 3.921180 0.726210 0.019669
1 0.469556 3.946836 0.818145 0.023660
1 0.410685 3.973062 0.700403 0.019669
1 0.466935 3.997007 0.812903 0.019669
1 0.381048 4.020952 0.641129 0.019669
1 0.430444 4.045182 0.739919 0.020239
1 0.320161 4.069413 0.519355 0.019669
1 0.482258 4.093216 0.843548 0.019954
1 0.481250 4.117588 0.841532 0.019669
1 0.465121 4.143387 0.809274 0.023375
1 0.285282 4.169185 0.449597 0.019669
1 0.388911 4.193130 0.656855 0.019669
1 0.373387 4.217075 0.625806 0.019669
1 0.464315 4.242873 0.807661 0.023375
1 0.445766 4.268672 0.770565 0.019669
1 0.498589 4.294470 0.876210 0.023375
1 0.484677 4.320268 0.848387 0.019669
1 0.382056 4.346066 0.643145 0.023375
1 0.445363 4.371864 0.769758 0.019669
1 0.380847 4.395810 0.640726 0.019669
1 0.363508 4.419755 0.606048 0.019669
1 0.494960 4.443700 0.868952 0.019669
1 0.219355 4.467075 0.317742 0.020810
1 0.514516 4.492018 0.908065 0.021095
1 0.461492 4.518101 0.802016 0.019669
1 0.162702 4.540051 0.204435 0.014538
1 0.640121 4.560718 1.159274 0.019954
1 0.409879 4.585376 0.698790 0.019099
1 0.423387 4.610319 0.725806 0.023375
1 0.470363 4.637258 0.819758 0.024800
1 0.479839 4.667047 0.838710 0.023375
1 0.475000 4.693985 0.829032 0.024800
1 0.469153 4.721779 0.817339 0.019954
1 0.450806 4.748005 0.780645 0.023375
1 0.413105 4.773803 0.705242 0.019669
1 0.428831 4.799601 0.736694 0.023375
1 0.351210 4.827252 0.581452 0.023375
1 0.497782 4.853050 0.874597 0.019669
1 0.414718 4.878848 0.708468 0.023375
1 0.185887 4.902509 0.250806 0.014823
1 0.411290 4.923746 0.701613 0.019669
1 0.466331 4.949544 0.811694 0.023375
1 0.475202 4.975200 0.829435 0.019954
1 0.373790 4.999572 0.626613 0.019669
1 0.466532 5.023375 0.812097 0.019954
1 0.476210 5.047748 0.831452 0.019669
1 0.490323 5.073261 0.859677 0.023945
1 0.271371 5.101340 0.421774 0.024230
1 0.300605 5.130274 0.480242 0.023375
1 0.464516 5.157212 0.808065 0.024800
1 0.421573 5.184436 0.722177 0.021095
1 0.453024 5.211659 0.785081 0.024800
1 0.497984 5.241448 0.875000 0.023375
1 0.481653 5.267246 0.842339 0.019669
1 0.477621 5.292332 0.834274 0.024800
1 0.266935 5.320268 0.412903 0.019669
1 0.423589 5.345353 0.726210 0.024800
1 0.465121 5.372577 0.809274 0.021095
1 0.392742 5.398660 0.664516 0.019669
1 0.417742 5.422605 0.714516 0.019669
1 0.419758 5.448404 0.718548 0.023375
1 0.415121 5.476055 0.709274 0.023375
1 0.323589 5.503706 0.526210 0.023375
1 0.477823 5.528791 0.834677 0.021095
1 0.497379 5.556015 0.873790 0.024800
1 0.089113 5.583523 0.057258 0.011403
1 0.530040 5.601482 0.939113 0.023375
1 0.340927 5.627138 0.560887 0.019954
1 0.472984 5.652794 0.825000 0.024515
1 0.498992 5.682155 0.877016 0.023375
1 0.456855 5.707953 0.792742 0.019669
1 0.450806 5.733039 0.780645 0.024800
1 0.279032 5.760832 0.437097 0.019954
1 0.326815 5.787058 0.532661 0.023375
1 0.475000 5.813997 0.829032 0.024800
1 0.449194 5.841933 0.777419 0.019669
1 0.453831 5.867018 0.786694 0.024800
1 0.455040 5.896807 0.789113 0.023375
1 0.359879 5.924458 0.598790 0.023375
1 0.478024 5.952109 0.835081 0.023375
1 0.308669 5.977765 0.496371 0.019954
1 0.730847 6.003991 1.340726 0.023375
1 0.353629 6.030074 0.586290 0.020239
1 0.427823 6.056157 0.734677 0.023375
1 0.443145 6.081243 0.765323 0.021095
1 0.362903 6.109179 0.604839 0.023375
1 0.399597 6.136688 0.678226 0.023660
1 0.418347 6.164766 0.715726 0.023375
1 0.145968 6.190564 0.170968 0.019669
1 0.480242 6.215650 0.839516 0.024800
1 0.473790 6.245439 0.826613 0.023375
1 0.333669 6.273090 0.546371 0.023375
1 0.489718 6.300741 0.858468 0.023375
1 0.491129 6.326539 0.861290 0.019669
1 0.489919 6.352338 0.858871 0.023375
1 0.435685 6.379989 0.750403 0.023375
1 0.452016 6.407640 0.783065 0.023375
1 0.447379 6.435291 0.773790 0.023375
1 0.190323 6.461659 0.259677 0.014538
1 0.390121 6.481186 0.659274 0.024515
1 0.472984 6.509835 0.825000 0.024800
1 0.543347 6.539624 0.965726 0.023375
1 0.426411 6.565422 0.731855 0.019669
1 0.498992 6.589367 0.877016 0.019669
1 0.366935 6.615165 0.612903 0.023375
1 0.429839 6.642816 0.738710 0.023375
1 0.388911 6.670468 0.656855 0.023375
1 0.391935 6.696551 0.662903 0.020239
1 0.390726 6.722634 0.660484 0.023375
1 0.252016 6.748432 0.383065 0.019669
1 0.640323 6.772377 1.159677 0.020810
1 0.417944 6.798603 0.714919 0.024800
1 0.491532 6.826539 0.862097 0.019669
1 0.482460 6.852338 0.843952 0.023375
1 0.493548 6.879989 0.866129 0.023375
1 0.495363 6.905787 0.869758 0.019669
1 0.478024 6.930017 0.835081 0.020239
1 0.481048 6.956100 0.844355 0.023375
1 0.488306 6.981899 0.855645 0.019669
1 0.356452 7.006271 0.591935 0.019954
1 0.493347 7.030359 0.865726 0.020239
1 0.491129 7.056442 0.861290 0.023375
1 0.471976 7.084094 0.822984 0.023375
1 0.430645 7.109892 0.740323 0.019669
1 0.262500 7.134122 0.404032 0.019099
1 0.682258 7.156784 1.246774 0.021665
1 0.432863 7.183295 0.744758 0.019384
1 0.480444 7.208666 0.839919 0.023375
1 0.496774 7.234749 0.872581 0.020239
1 0.462702 7.260832 0.804435 0.023375
1 0.473589 7.288483 0.826210 0.023375
1 0.108266 7.314567 0.095565 0.019099
1 0.500403 7.339510 0.879839 0.023375
1 0.181653 7.366733 0.242339 0.012828
2 0.224597 0.112600 0.142742 0.071266
1 0.232460 0.165051 0.343952 0.021095
1 0.231653 0.194128 0.342339 0.010262
1 0.732460 0.193843 0.416532 0.019954
1 0.763306 0.216790 0.349194 0.019669
1 0.499928 0.287058 0.162500 0.021095
1 0.500041 0.315707 0.039113 0.020810
1 0.500047 0.344213 0.526210 0.020810
3 0.141129 7.456385 0.120968 0.085519
3 0.362903 7.456385 0.120968 0.085519
4 0.745968 7.456385 0.120968 0.085519
1 0.285282 7.393672 0.449597 0.019954
1 0.149395 7.526368 0.177823 0.012828
1 0.371169 7.526368 0.177823 0.012828
5 0.214919 7.565279 0.308871 0.017104
5 0.180242 7.583096 0.239516 0.016249
5 0.870161 7.565849 0.127419 0.008552
5 0.868952 7.584094 0.125000 0.010832
