1 0.500047 0.065422 0.242339 0.021950
1 0.499984 0.094213 0.272984 0.021380
1 0.500082 0.149800 0.079839 0.012258
2 0.224597 0.112600 0.142742 0.071266
1 0.232460 0.165051 0.343952 0.021095
1 0.231653 0.194128 0.342339 0.010262
1 0.732460 0.193843 0.416532 0.019954
1 0.763306 0.216790 0.349194 0.019669
1 0.499928 0.287058 0.162500 0.021095
1 0.500041 0.315707 0.039113 0.020810
1 0.499915 0.344213 0.660887 0.020810
1 0.500028 0.370582 0.737097 0.025086
1 0.499987 0.400228 0.572984 0.024515
1 0.496976 0.440849 0.872984 0.023660
1 0.486694 0.466505 0.852419 0.020810
1 0.449194 0.492018 0.777419 0.019954
1 0.495968 0.516391 0.870968 0.019669
1 0.108468 0.540621 0.095968 0.019099
1 0.134274 0.569128 0.147581 0.020239
1 0.206048 0.593928 0.291129 0.019669
1 0.214315 0.619726 0.307661 0.023375
1 0.202823 0.645525 0.284677 0.019669
1 0.168347 0.669470 0.215726 0.019669
1 0.175403 0.693415 0.229839 0.019669
1 0.210685 0.719213 0.300403 0.023375
1 0.189315 0.746864 0.257661 0.023375
1 0.199395 0.772662 0.277823 0.019669
1 0.597984 0.569413 0.228226 0.019669
1 0.619556 0.592645 0.271371 0.021095
1 0.603024 0.618729 0.238306 0.019669
1 0.614315 0.642674 0.260887 0.019669
1 0.595968 0.668472 0.224194 0.023375
1 0.660484 0.693558 0.353226 0.021095
1 0.565121 0.719926 0.162500 0.019099
1 0.607258 0.743016 0.246774 0.019669
1 0.639718 0.766819 0.311694 0.019954
1 0.496976 0.804304 0.872984 0.023660
1 0.486694 0.829960 0.852419 0.020810
1 0.449194 0.855473 0.777419 0.019954
1 0.495968 0.879846 0.870968 0.019669
1 0.108468 0.904076 0.095968 0.019099
5 0.495968 0.974772 0.870968 0.031642
