1 0.378427 0.041904 0.434274 0.023375
1 0.295968 0.074116 0.269355 0.023375
1 0.396169 0.106328 0.469758 0.023375
1 0.310685 0.137970 0.298790 0.024515
1 0.370161 0.168330 0.417742 0.020810
1 0.319758 0.197406 0.316935 0.019669
1 0.265524 0.225200 0.208468 0.021095
1 0.374798 0.256271 0.427016 0.023375
1 0.364315 0.288483 0.406048 0.023375
1 0.376815 0.318985 0.431048 0.019384
1 0.316331 0.347349 0.310081 0.019669
1 0.316935 0.378848 0.311290 0.021095
1 0.332056 0.409778 0.341532 0.023660
1 0.413911 0.439567 0.505242 0.021095
1 0.362097 0.468786 0.401613 0.019669
1 0.343145 0.497292 0.363710 0.019669
1 0.329839 0.525798 0.337097 0.019669
1 0.345968 0.553734 0.369355 0.020810
1 0.413710 0.584806 0.504839 0.023090
1 0.353226 0.615308 0.383871 0.019099
1 0.332056 0.645239 0.341532 0.023660
1 0.380040 0.675029 0.437500 0.021095
1 0.366331 0.704247 0.410081 0.019669
1 0.377218 0.734892 0.431855 0.022805
1 0.395363 0.766819 0.468145 0.023375
1 0.207460 0.797035 0.092339 0.019954
1 0.443952 0.826824 0.565323 0.024800
1 0.361290 0.857754 0.400000 0.019954
1 0.366734 0.886403 0.410887 0.019669
1 0.354234 0.916762 0.385887 0.023375
1 0.386492 0.947121 0.450403 0.019669
