1 0.402419 0.042332 0.482258 0.022520
1 0.377218 0.073404 0.431855 0.024800
1 0.354637 0.104761 0.386694 0.019099
1 0.377823 0.132554 0.433065 0.020525
1 0.325605 0.161488 0.328629 0.019669
1 0.336492 0.192132 0.350403 0.022805
1 0.409677 0.223347 0.496774 0.024800
1 0.268750 0.256271 0.214919 0.015964
1 0.340323 0.282925 0.358065 0.019669
1 0.388911 0.311431 0.455242 0.019669
1 0.402419 0.340222 0.482258 0.019099
1 0.299194 0.368444 0.275806 0.019669
1 0.353226 0.399088 0.383871 0.022805
1 0.349798 0.428449 0.377016 0.021095
1 0.395565 0.456956 0.468548 0.021095
1 0.342944 0.486460 0.363306 0.019099
1 0.439315 0.514681 0.556048 0.019669
1 0.332258 0.543187 0.341935 0.019669
1 0.336290 0.572834 0.350000 0.024800
1 0.415323 0.603905 0.508065 0.019669
1 0.359879 0.631699 0.397177 0.021095
1 0.326411 0.661203 0.330242 0.019099
1 0.360282 0.691277 0.397984 0.023375
1 0.375000 0.723489 0.427419 0.023375
1 0.394758 0.753848 0.466935 0.019669
1 0.206855 0.782355 0.091129 0.019669
1 0.364919 0.812714 0.407258 0.023375
1 0.381855 0.843073 0.441129 0.019669
1 0.367742 0.871579 0.412903 0.019669
1 0.384677 0.900086 0.446774 0.019669
1 0.346371 0.930730 0.370161 0.022805
1 0.367742 0.962657 0.412903 0.023375
