1 0.500047 0.065422 0.242339 0.021950
1 0.499984 0.094213 0.272984 0.021380
0 0.500082 0.149800 0.079839 0.012258
2 0.224597 0.112600 0.142742 0.071266
1 0.232460 0.165051 0.343952 0.021095
1 0.231653 0.194128 0.342339 0.010262
1 0.732460 0.193843 0.416532 0.019954
1 0.763306 0.216790 0.349194 0.019669
1 0.499928 0.287058 0.162500 0.021095
1 0.500041 0.315707 0.039113 0.020810
1 0.499934 0.344071 0.577419 0.021095
1 0.500035 0.369441 0.602823 0.021095
1 0.499950 0.394527 0.702823 0.021665
1 0.519355 0.434293 0.917742 0.023660
1 0.471371 0.459806 0.821774 0.021095
1 0.512702 0.487742 0.904435 0.023375
1 0.334073 0.515393 0.547177 0.023375
1 0.134274 0.546608 0.147581 0.020239
1 0.206048 0.571408 0.291129 0.019669
1 0.214315 0.597206 0.307661 0.023375
1 0.202823 0.623005 0.284677 0.019669
1 0.168347 0.646950 0.215726 0.019669
1 0.175403 0.670895 0.229839 0.019669
1 0.210685 0.696693 0.300403 0.023375
1 0.189315 0.724344 0.257661 0.023375
1 0.199395 0.750143 0.277823 0.019669
1 0.597984 0.546893 0.228226 0.019669
1 0.619556 0.570125 0.271371 0.021095
1 0.603024 0.596209 0.238306 0.019669
1 0.614315 0.620154 0.260887 0.019669
1 0.595968 0.645952 0.224194 0.023375
1 0.660484 0.671038 0.353226 0.021095
1 0.565121 0.697406 0.162500 0.019099
1 0.607258 0.720496 0.246774 0.019669
1 0.639718 0.744299 0.311694 0.019954
1 0.519355 0.781784 0.917742 0.023660
1 0.471371 0.807298 0.821774 0.021095
1 0.512702 0.835234 0.904435 0.023375
1 0.334073 0.862885 0.547177 0.023375
5 0.495968 0.936288 0.870968 0.031642
