1 0.500047 0.065422 0.242339 0.021950
1 0.499984 0.094213 0.272984 0.021380
1 0.500082 0.149800 0.079839 0.012258
2 0.224597 0.112600 0.142742 0.071266
1 0.232460 0.165051 0.343952 0.021095
1 0.231653 0.194128 0.342339 0.010262
1 0.732460 0.193843 0.416532 0.019954
1 0.763306 0.216790 0.349194 0.019669
1 0.499928 0.287058 0.162500 0.021095
1 0.500041 0.315707 0.039113 0.020810
1 0.500028 0.344213 0.516532 0.020810
1 0.499984 0.371009 0.812903 0.024230
1 0.500066 0.397662 0.433065 0.021095
1 0.499972 0.424458 0.668952 0.025086
1 0.429032 0.464082 0.737097 0.019954
1 0.442339 0.488312 0.763710 0.019954
1 0.471573 0.514538 0.822177 0.023375
1 0.438105 0.542189 0.755242 0.023375
1 0.446573 0.569840 0.772177 0.023375
1 0.456653 0.595639 0.792339 0.019669
1 0.519960 0.621152 0.918952 0.023945
1 0.294960 0.647805 0.468952 0.019669
1 0.476210 0.672035 0.831452 0.020239
1 0.501613 0.698119 0.882258 0.023375
1 0.152823 0.724202 0.184677 0.019099
3 0.141129 0.821266 0.120968 0.085519
3 0.362903 0.821266 0.120968 0.085519
4 0.745968 0.821266 0.120968 0.085519
1 0.285282 0.758552 0.449597 0.019954
1 0.149395 0.891249 0.177823 0.012828
1 0.371169 0.891249 0.177823 0.012828
5 0.495968 0.938854 0.870968 0.034493
