1 0.386492 0.040051 0.450403 0.019669
1 0.268347 0.068558 0.214113 0.019669
1 0.363508 0.097064 0.404435 0.019669
1 0.543952 0.125570 0.765323 0.019669
1 0.197379 0.154504 0.072177 0.018814
1 0.513710 0.184436 0.704839 0.023375
1 0.310081 0.214795 0.297581 0.019669
1 0.343548 0.243301 0.364516 0.019669
1 0.363105 0.273660 0.403629 0.023375
1 0.343548 0.304019 0.364516 0.019669
1 0.390121 0.332526 0.457661 0.019669
1 0.383669 0.360889 0.444758 0.019954
1 0.334677 0.388968 0.346774 0.020810
1 0.362097 0.419185 0.401613 0.024800
1 0.321371 0.450257 0.320161 0.019669
1 0.276008 0.478620 0.229435 0.019954
1 0.411895 0.508979 0.501210 0.023660
1 0.365524 0.538911 0.408468 0.020810
1 0.311895 0.567987 0.301210 0.019669
1 0.378831 0.596494 0.435081 0.019669
1 0.190524 0.625285 0.058468 0.019099
1 0.345363 0.655359 0.368145 0.023375
1 0.419556 0.685718 0.516532 0.019669
1 0.382863 0.714082 0.443145 0.019954
1 0.389516 0.742731 0.456452 0.019669
1 0.584073 0.771237 0.845565 0.019669
1 0.567137 0.801596 0.811694 0.023375
1 0.353427 0.831956 0.384274 0.019669
1 0.286290 0.859749 0.250000 0.021095
1 0.381855 0.888968 0.441129 0.019669
1 0.360887 0.916762 0.399194 0.021095
1 0.350000 0.945268 0.377419 0.021095
