1 0.500047 0.065422 0.242339 0.021950
1 0.499984 0.094213 0.272984 0.021380
1 0.500082 0.149800 0.079839 0.012258
2 0.224597 0.112600 0.142742 0.071266
1 0.232460 0.165051 0.343952 0.021095
2 0.766129 0.105473 0.080645 0.057013
1 0.786492 0.165194 0.282661 0.020810
1 0.231653 0.194128 0.342339 0.010262
1 0.499928 0.287058 0.162500 0.021095
1 0.500041 0.315707 0.039113 0.020810
1 0.499915 0.345781 0.865726 0.024515
1 0.500082 0.372862 0.858065 0.021095
1 0.499915 0.400086 0.583871 0.024230
1 0.504435 0.440422 0.887903 0.023375
1 0.476411 0.467360 0.831855 0.024800
1 0.509476 0.495296 0.897984 0.019669
1 0.506855 0.520382 0.892742 0.024800
1 0.491532 0.549458 0.862097 0.024800
1 0.407661 0.578535 0.694355 0.024800
1 0.410282 0.606328 0.699597 0.019954
1 0.515524 0.631842 0.910081 0.024800
4 0.782258 0.736602 0.282258 0.142531
4 0.368952 0.762258 0.262097 0.142531
1 0.211694 0.753848 0.108871 0.007697
1 0.217944 0.767531 0.121371 0.008837
3 0.217742 0.819270 0.120968 0.085519
1 0.220161 0.881699 0.125806 0.007412
1 0.568145 0.673888 0.418548 0.019954
1 0.573790 0.702537 0.349194 0.019669
