1 0.500047 0.065422 0.242339 0.021950
1 0.499984 0.094213 0.272984 0.021380
1 0.500082 0.149800 0.079839 0.012258
2 0.224597 0.112600 0.142742 0.071266
1 0.232460 0.165051 0.343952 0.021095
1 0.231653 0.194128 0.342339 0.010262
1 0.732460 0.193843 0.416532 0.019954
1 0.763306 0.216790 0.349194 0.019669
1 0.499928 0.287058 0.162500 0.021095
1 0.500041 0.315707 0.039113 0.020810
1 0.500022 0.343786 0.829839 0.021665
1 0.500019 0.371437 0.625000 0.025086
1 0.509879 0.412343 0.898790 0.024800
1 0.488105 0.440279 0.855242 0.019669
1 0.395161 0.463512 0.669355 0.021095
1 0.489919 0.490735 0.858871 0.024800
1 0.490927 0.520525 0.860887 0.023375
1 0.509476 0.545895 0.897984 0.021665
1 0.471371 0.574116 0.821774 0.023375
1 0.451815 0.599914 0.782661 0.019669
1 0.292944 0.623717 0.464919 0.019954
3 0.141129 0.722064 0.120968 0.085519
3 0.362903 0.722064 0.120968 0.085519
4 0.745968 0.722064 0.120968 0.085519
1 0.285282 0.659350 0.449597 0.019954
1 0.149395 0.792047 0.177823 0.012828
1 0.371169 0.792047 0.177823 0.012828
5 0.495968 0.839652 0.870968 0.034493
