1 0.500047 0.065422 0.242339 0.021950
1 0.499984 0.094213 0.272984 0.021380
1 0.500082 0.149800 0.079839 0.012258
2 0.224597 0.112600 0.142742 0.071266
1 0.232460 0.165051 0.343952 0.021095
2 0.766129 0.105473 0.080645 0.057013
1 0.786492 0.165194 0.282661 0.020810
1 0.231653 0.194128 0.342339 0.010262
1 0.499928 0.287058 0.162500 0.021095
1 0.500041 0.315707 0.039113 0.020810
1 0.500025 0.345924 0.517742 0.024230
1 0.500076 0.373432 0.468145 0.022235
1 0.500060 0.399088 0.706452 0.021095
1 0.480444 0.436146 0.839919 0.019954
1 0.518145 0.462372 0.915323 0.023375
1 0.495766 0.490023 0.870565 0.023375
1 0.505040 0.515678 0.889113 0.019954
1 0.435685 0.539909 0.750403 0.019954
1 0.326411 0.564282 0.531855 0.019669
1 0.559476 0.589795 0.997984 0.023945
1 0.476613 0.618301 0.832258 0.023375
1 0.506452 0.644099 0.891935 0.019669
1 0.280444 0.670040 0.439919 0.023090
4 0.782258 0.772235 0.282258 0.142531
4 0.368952 0.797891 0.262097 0.142531
1 0.211694 0.789481 0.108871 0.007697
1 0.217944 0.803164 0.121371 0.008837
3 0.217742 0.854903 0.120968 0.085519
1 0.220161 0.917332 0.125806 0.007412
1 0.568145 0.709521 0.418548 0.019954
1 0.573790 0.738170 0.349194 0.019669
