1 0.500047 0.065422 0.242339 0.021950
1 0.499984 0.094213 0.272984 0.021380
1 0.500082 0.149800 0.079839 0.012258
2 0.224597 0.112600 0.142742 0.071266
1 0.232460 0.165051 0.343952 0.021095
1 0.231653 0.194128 0.342339 0.010262
1 0.732460 0.193843 0.416532 0.019954
1 0.763306 0.216790 0.349194 0.019669
1 0.499928 0.287058 0.162500 0.021095
1 0.500041 0.315707 0.039113 0.020810
1 0.500085 0.345924 0.781048 0.024230
1 0.500101 0.374430 0.845161 0.024230
1 0.499940 0.402509 0.617742 0.025086
1 0.512500 0.441420 0.904032 0.021380
1 0.483871 0.468928 0.846774 0.025086
1 0.454032 0.497007 0.787097 0.020239
1 0.512097 0.521665 0.903226 0.019954
1 0.440121 0.547035 0.759274 0.025086
1 0.400806 0.576539 0.680645 0.024800
1 0.519960 0.605473 0.918952 0.025086
1 0.511895 0.633837 0.902823 0.019669
1 0.499194 0.658922 0.877419 0.024800
1 0.117944 0.684578 0.114919 0.015108
3 0.141129 0.780217 0.120968 0.085519
3 0.362903 0.780217 0.120968 0.085519
4 0.745968 0.780217 0.120968 0.085519
1 0.285282 0.717503 0.449597 0.019954
1 0.149395 0.850200 0.177823 0.012828
1 0.371169 0.850200 0.177823 0.012828
5 0.495968 0.897805 0.870968 0.034493
