1 0.500403 0.041904 0.678226 0.023375
1 0.217742 0.072263 0.112903 0.019669
1 0.435887 0.100627 0.549194 0.019954
1 0.384476 0.128563 0.446371 0.021095
1 0.363306 0.159635 0.404032 0.023375
1 0.474194 0.189994 0.625806 0.019669
1 0.403024 0.220353 0.483468 0.023375
1 0.390524 0.250570 0.458468 0.019954
1 0.307661 0.281214 0.292742 0.023090
1 0.322782 0.311431 0.322984 0.019669
1 0.405242 0.341933 0.487903 0.023090
1 0.329032 0.372007 0.335484 0.019954
1 0.356855 0.402509 0.391129 0.023375
1 0.345363 0.432583 0.368145 0.020239
1 0.343750 0.463512 0.364919 0.022805
1 0.385282 0.494726 0.447984 0.024800
1 0.347177 0.525656 0.371774 0.019954
1 0.395161 0.554304 0.467742 0.019669
1 0.372379 0.584949 0.422177 0.022805
1 0.292137 0.615023 0.261694 0.019669
1 0.342137 0.645239 0.361694 0.023660
1 0.378226 0.675599 0.433871 0.019954
1 0.357056 0.704532 0.391532 0.019099
1 0.362298 0.734464 0.402016 0.023660
1 0.370565 0.764966 0.418548 0.019669
1 0.355645 0.795325 0.388710 0.023375
1 0.399395 0.825542 0.476210 0.019954
1 0.347782 0.856043 0.372984 0.023375
1 0.380847 0.888113 0.439113 0.023660
1 0.331653 0.918615 0.340726 0.019669
1 0.390524 0.947121 0.458468 0.019669
