1 0.500047 0.065422 0.242339 0.021950
1 0.499984 0.094213 0.272984 0.021380
1 0.500082 0.149800 0.079839 0.012258
2 0.224597 0.112600 0.142742 0.071266
1 0.232460 0.165051 0.343952 0.021095
1 0.231653 0.194128 0.342339 0.010262
1 0.732460 0.193843 0.416532 0.019954
1 0.763306 0.216790 0.349194 0.019669
1 0.499928 0.287058 0.162500 0.021095
1 0.500041 0.315707 0.039113 0.020810
1 0.500054 0.345781 0.638710 0.024515
1 0.499912 0.372862 0.831452 0.021095
1 0.499921 0.399658 0.494758 0.025086
1 0.417137 0.438712 0.713306 0.021095
1 0.409677 0.466078 0.698387 0.024515
1 0.416734 0.492873 0.712500 0.021095
1 0.492944 0.520810 0.864919 0.023375
1 0.515927 0.547748 0.910887 0.024800
1 0.503831 0.576967 0.886694 0.024515
1 0.482863 0.603905 0.844758 0.020810
1 0.447581 0.631271 0.774194 0.023660
1 0.413105 0.658637 0.705242 0.024800
3 0.141129 0.760547 0.120968 0.085519
3 0.362903 0.760547 0.120968 0.085519
4 0.745968 0.760547 0.120968 0.085519
1 0.285282 0.697834 0.449597 0.019954
1 0.149395 0.830530 0.177823 0.012828
1 0.371169 0.830530 0.177823 0.012828
5 0.495968 0.878136 0.870968 0.034493
