1 0.500047 0.065422 0.242339 0.021950
1 0.499984 0.094213 0.272984 0.021380
1 0.500082 0.149800 0.079839 0.012258
2 0.224597 0.112600 0.142742 0.071266
1 0.232460 0.165051 0.343952 0.021095
1 0.231653 0.194128 0.342339 0.010262
1 0.732460 0.193843 0.416532 0.019954
1 0.763306 0.216790 0.349194 0.019669
1 0.499928 0.287058 0.162500 0.021095
1 0.500041 0.315707 0.039113 0.020810
1 0.500013 0.344071 0.712097 0.021095
1 0.500032 0.371294 0.742339 0.024230
1 0.499950 0.398090 0.696774 0.020810
1 0.500066 0.425456 0.229435 0.016249
1 0.318548 0.457241 0.516129 0.023375
1 0.464516 0.483039 0.808065 0.019669
1 0.519960 0.508837 0.918952 0.023375
1 0.457863 0.535775 0.794758 0.024800
1 0.281250 0.562999 0.441532 0.021095
1 0.475202 0.590935 0.829435 0.023375
1 0.495565 0.616733 0.870161 0.019669
1 0.252016 0.640678 0.383065 0.019669
1 0.365927 0.666477 0.610887 0.023375
1 0.337500 0.691705 0.554032 0.020810
1 0.613710 0.717218 1.106452 0.019954
1 0.113911 0.743301 0.106855 0.015678
3 0.141129 0.835519 0.120968 0.085519
3 0.362903 0.835519 0.120968 0.085519
4 0.745968 0.835519 0.120968 0.085519
1 0.285282 0.772805 0.449597 0.019954
1 0.149395 0.905502 0.177823 0.012828
1 0.371169 0.905502 0.177823 0.012828
5 0.495968 0.953107 0.870968 0.034493
