1 0.248387 0.040051 0.174194 0.019669
1 0.314315 0.068843 0.306048 0.019099
1 0.388710 0.098917 0.454839 0.023375
1 0.391331 0.131129 0.460081 0.023375
1 0.251411 0.161631 0.180242 0.018814
1 0.330847 0.191562 0.339113 0.023375
1 0.399395 0.221209 0.476210 0.021095
1 0.334073 0.250285 0.345565 0.019384
1 0.429234 0.280502 0.535887 0.023375
1 0.409073 0.312714 0.495565 0.023375
1 0.384879 0.342930 0.447177 0.019954
1 0.343145 0.371579 0.363710 0.019669
1 0.370363 0.401226 0.418145 0.024800
1 0.370161 0.432298 0.417742 0.019669
1 0.384879 0.461944 0.447177 0.024800
1 0.367742 0.494156 0.412903 0.024800
1 0.356250 0.526938 0.389919 0.023660
1 0.359274 0.559578 0.395968 0.022805
1 0.369153 0.591790 0.415726 0.022805
1 0.336694 0.623147 0.350806 0.024515
1 0.335685 0.655929 0.348790 0.023375
1 0.364516 0.686288 0.406452 0.019669
1 0.391734 0.716648 0.460887 0.023375
1 0.333065 0.749145 0.343548 0.022805
1 0.515323 0.781214 0.708065 0.023090
1 0.304234 0.811716 0.285887 0.019099
1 0.376210 0.841790 0.429839 0.023375
1 0.347379 0.872007 0.372177 0.019954
1 0.366532 0.902794 0.410484 0.022805
1 0.397984 0.935006 0.473387 0.022805
1 0.307258 0.964510 0.291935 0.020810
