1 0.378427 0.041192 0.434274 0.024800
1 0.272379 0.074116 0.222177 0.023375
1 0.456855 0.105616 0.591129 0.024800
1 0.330444 0.136688 0.338306 0.019669
1 0.391129 0.164481 0.459677 0.021095
1 0.426210 0.193700 0.529839 0.019669
1 0.369960 0.222206 0.417339 0.019669
1 0.395565 0.250000 0.468548 0.021095
1 0.260282 0.281072 0.197984 0.023375
1 0.368952 0.313141 0.415323 0.023660
1 0.356048 0.343643 0.389516 0.019669
1 0.359073 0.374145 0.395565 0.023090
1 0.391734 0.404647 0.460887 0.019099
1 0.311492 0.435006 0.300403 0.022805
1 0.407258 0.464367 0.491935 0.021095
1 0.265524 0.493586 0.208468 0.019669
1 0.286895 0.523945 0.251210 0.023375
1 0.303629 0.554162 0.284677 0.019954
1 0.398992 0.582953 0.475403 0.019384
1 0.409274 0.611317 0.495968 0.019669
1 0.187298 0.637685 0.052016 0.014823
1 0.479839 0.663911 0.637097 0.019384
1 0.271774 0.692275 0.220968 0.019669
1 0.354637 0.720639 0.386694 0.019954
1 0.349395 0.749572 0.376210 0.020239
1 0.342944 0.778934 0.363306 0.019669
1 0.352419 0.807440 0.382258 0.019669
1 0.325806 0.837799 0.329032 0.023375
1 0.309274 0.868158 0.295968 0.019669
1 0.334677 0.898518 0.346774 0.023375
1 0.425806 0.928877 0.529032 0.019669
1 0.238306 0.959664 0.154032 0.022520
