1 0.401815 0.041192 0.481048 0.024800
1 0.357460 0.072121 0.392339 0.019954
1 0.298992 0.100770 0.275403 0.019669
1 0.319355 0.131129 0.316129 0.023375
1 0.231452 0.161488 0.140323 0.019669
1 0.292944 0.189852 0.263306 0.019954
1 0.363306 0.218501 0.404032 0.019669
1 0.344355 0.247007 0.366129 0.019669
1 0.261694 0.275513 0.200806 0.019669
1 0.356452 0.304019 0.390323 0.019669
1 0.355040 0.331670 0.387500 0.021380
1 0.387702 0.360177 0.452823 0.021380
1 0.381452 0.391391 0.440323 0.023375
1 0.381048 0.423603 0.439516 0.023375
1 0.370766 0.455815 0.418952 0.023375
1 0.363105 0.488312 0.403629 0.022805
1 0.349798 0.519527 0.377016 0.024800
1 0.346169 0.552309 0.369758 0.023660
1 0.262500 0.583096 0.202419 0.019099
1 0.364315 0.612457 0.406048 0.024800
1 0.338710 0.645382 0.354839 0.023375
1 0.347581 0.675741 0.372581 0.019669
1 0.358468 0.705958 0.394355 0.023660
1 0.382258 0.736602 0.441935 0.019384
1 0.377621 0.767104 0.432661 0.022805
1 0.383065 0.796465 0.443548 0.021095
1 0.355645 0.827537 0.388710 0.023375
1 0.328427 0.857896 0.334274 0.019669
1 0.306653 0.887400 0.290726 0.025086
1 0.387500 0.919755 0.452419 0.024800
1 0.402419 0.953107 0.482258 0.022520
