1 0.500047 0.065422 0.242339 0.021950
1 0.499984 0.094213 0.272984 0.021380
1 0.500082 0.149800 0.079839 0.012258
2 0.224597 0.112600 0.142742 0.071266
1 0.232460 0.165051 0.343952 0.021095
1 0.231653 0.194128 0.342339 0.010262
1 0.732460 0.193843 0.416532 0.019954
1 0.763306 0.216790 0.349194 0.019669
1 0.499928 0.287058 0.162500 0.021095
1 0.500041 0.315707 0.039113 0.020810
1 0.499931 0.345781 0.675000 0.024515
1 0.499984 0.372862 0.867339 0.021095
1 0.500009 0.398375 0.341935 0.020810
1 0.443347 0.435006 0.765726 0.019954
1 0.430444 0.459521 0.739919 0.020525
1 0.392137 0.486032 0.663306 0.023375
1 0.504637 0.513683 0.888306 0.023375
1 0.388911 0.541334 0.656855 0.023375
1 0.293548 0.567132 0.466129 0.019669
1 0.461492 0.592930 0.802016 0.023375
1 0.231855 0.618729 0.342742 0.019669
1 0.579032 0.644527 1.037097 0.023375
1 0.458669 0.671893 0.796371 0.023945
1 0.461895 0.700399 0.802823 0.023375
1 0.436290 0.728050 0.751613 0.023375
1 0.456250 0.753848 0.791532 0.019669
3 0.141129 0.851767 0.120968 0.085519
3 0.362903 0.851767 0.120968 0.085519
4 0.745968 0.851767 0.120968 0.085519
1 0.285282 0.789054 0.449597 0.019954
1 0.149395 0.921750 0.177823 0.012828
1 0.371169 0.921750 0.177823 0.012828
5 0.495968 0.969356 0.870968 0.034493
