1 0.500047 0.065422 0.242339 0.021950
1 0.499984 0.094213 0.272984 0.021380
1 0.500082 0.149800 0.079839 0.012258
2 0.224597 0.112600 0.142742 0.071266
1 0.232460 0.165051 0.343952 0.021095
1 0.231653 0.194128 0.342339 0.010262
1 0.732460 0.193843 0.416532 0.019954
1 0.763306 0.216790 0.349194 0.019669
1 0.499928 0.287058 0.162500 0.021095
1 0.500041 0.315707 0.039113 0.020810
1 0.500047 0.344071 0.912097 0.021095
1 0.499950 0.369156 0.847984 0.021665
1 0.499921 0.395810 0.122984 0.020239
1 0.519355 0.433438 0.917742 0.023660
1 0.471371 0.458951 0.821774 0.021095
1 0.512702 0.486887 0.904435 0.023375
1 0.486492 0.514538 0.852016 0.023375
1 0.495363 0.542189 0.869758 0.023375
1 0.452621 0.567987 0.784274 0.019669
1 0.463911 0.591933 0.806855 0.019669
1 0.447984 0.617446 0.775000 0.023945
1 0.313105 0.644099 0.505242 0.019669
3 0.141129 0.742018 0.120968 0.085519
3 0.362903 0.742018 0.120968 0.085519
4 0.745968 0.742018 0.120968 0.085519
1 0.285282 0.679304 0.449597 0.019954
1 0.149395 0.812001 0.177823 0.012828
1 0.371169 0.812001 0.177823 0.012828
5 0.495968 0.859607 0.870968 0.034493
