1 0.306855 0.042189 0.291129 0.022805
1 0.369355 0.074116 0.416129 0.023375
1 0.311290 0.104475 0.300000 0.019669
1 0.355847 0.133267 0.389113 0.019099
1 0.356855 0.161773 0.391129 0.019099
1 0.340726 0.189994 0.358871 0.019669
1 0.349194 0.220353 0.375806 0.023375
1 0.346976 0.250713 0.371371 0.019669
1 0.391331 0.281072 0.460081 0.023375
1 0.326008 0.311431 0.329435 0.019669
1 0.369960 0.340222 0.417339 0.019099
1 0.373790 0.370582 0.425000 0.022805
1 0.342944 0.400941 0.363306 0.019099
1 0.321371 0.429162 0.320161 0.019669
1 0.368548 0.457668 0.414516 0.019669
1 0.366129 0.486174 0.409677 0.019669
1 0.289718 0.514538 0.256855 0.019954
1 0.484677 0.543330 0.646774 0.020525
1 0.306653 0.574116 0.290726 0.023375
1 0.368347 0.606328 0.414113 0.023375
1 0.421774 0.636688 0.520968 0.019669
1 0.391935 0.665194 0.461290 0.019669
1 0.234073 0.693985 0.145565 0.019099
1 0.362298 0.722206 0.402016 0.019669
1 0.401613 0.752566 0.480645 0.023375
1 0.353629 0.784778 0.384677 0.023375
1 0.318750 0.815137 0.314919 0.019669
1 0.333669 0.845496 0.344758 0.023375
1 0.470766 0.875855 0.618952 0.019669
1 0.331250 0.904504 0.339919 0.019384
1 0.327218 0.934863 0.331855 0.023090
1 0.259677 0.965222 0.196774 0.019384
