1 0.500047 0.065422 0.242339 0.021950
1 0.499984 0.094213 0.272984 0.021380
1 0.500082 0.149800 0.079839 0.012258
2 0.224597 0.112600 0.142742 0.071266
1 0.232460 0.165051 0.343952 0.021095
1 0.231653 0.194128 0.342339 0.010262
1 0.732460 0.193843 0.416532 0.019954
1 0.763306 0.216790 0.349194 0.019669
1 0.499928 0.287058 0.162500 0.021095
1 0.500041 0.315707 0.039113 0.020810
1 0.499934 0.345496 0.770161 0.025086
1 0.500003 0.375143 0.857258 0.024515
1 0.499981 0.402366 0.280645 0.020810
1 0.511290 0.440849 0.901613 0.023660
1 0.445363 0.468928 0.769758 0.023375
1 0.473185 0.495867 0.825403 0.024800
1 0.513710 0.525656 0.906452 0.023375
1 0.480847 0.553164 0.840726 0.023660
1 0.434274 0.581100 0.747581 0.023660
1 0.450605 0.608894 0.780242 0.023945
1 0.382056 0.637400 0.643145 0.023375
3 0.141129 0.737172 0.120968 0.085519
3 0.362903 0.737172 0.120968 0.085519
4 0.745968 0.737172 0.120968 0.085519
1 0.285282 0.674458 0.449597 0.019954
1 0.149395 0.807155 0.177823 0.012828
1 0.371169 0.807155 0.177823 0.012828
5 0.495968 0.854761 0.870968 0.034493
