1 0.500047 0.065422 0.242339 0.021950
1 0.499984 0.094213 0.272984 0.021380
1 0.500082 0.149800 0.079839 0.012258
2 0.224597 0.112600 0.142742 0.071266
1 0.232460 0.165051 0.343952 0.021095
1 0.231653 0.194128 0.342339 0.010262
1 0.732460 0.193843 0.416532 0.019954
1 0.763306 0.216790 0.349194 0.019669
1 0.499928 0.287058 0.162500 0.021095
1 0.500041 0.315707 0.039113 0.020810
1 0.499959 0.345496 0.808065 0.025086
1 0.500000 0.373147 0.793548 0.021665
1 0.500066 0.399515 0.176210 0.020810
1 0.464919 0.437999 0.808871 0.023660
1 0.483468 0.463512 0.845968 0.021095
1 0.514516 0.489595 0.908065 0.019669
1 0.505444 0.515393 0.889919 0.023375
1 0.429234 0.543044 0.737500 0.023375
1 0.488306 0.568130 0.855645 0.021095
1 0.516935 0.595924 0.912903 0.023660
1 0.504234 0.622149 0.887500 0.019669
1 0.435282 0.647235 0.749597 0.024800
1 0.223992 0.675171 0.327016 0.019669
3 0.141129 0.773090 0.120968 0.085519
3 0.362903 0.773090 0.120968 0.085519
4 0.745968 0.773090 0.120968 0.085519
1 0.285282 0.710376 0.449597 0.019954
1 0.149395 0.843073 0.177823 0.012828
1 0.371169 0.843073 0.177823 0.012828
5 0.495968 0.890678 0.870968 0.034493
