1 0.500047 0.065422 0.242339 0.021950
1 0.499984 0.094213 0.272984 0.021380
0 0.500082 0.149800 0.079839 0.012258
2 0.224597 0.112600 0.142742 0.071266
1 0.232460 0.165051 0.343952 0.021095
1 0.231653 0.194128 0.342339 0.010262
1 0.732460 0.193843 0.416532 0.019954
1 0.763306 0.216790 0.349194 0.019669
1 0.499928 0.287058 0.162500 0.021095
1 0.500041 0.315707 0.039113 0.020810
1 0.500025 0.345639 0.877419 0.024800
1 0.500032 0.372862 0.802823 0.021665
1 0.499635 0.398945 0.219758 0.021380
1 0.415726 0.436146 0.710484 0.020525
1 0.477823 0.461374 0.834677 0.019669
1 0.371169 0.487172 0.621371 0.023375
1 0.276411 0.512970 0.431855 0.019669
1 0.134274 0.542332 0.147581 0.020239
1 0.206048 0.567132 0.291129 0.019669
1 0.214315 0.592930 0.307661 0.023375
1 0.202823 0.618729 0.284677 0.019669
1 0.168347 0.642674 0.215726 0.019669
1 0.175403 0.666619 0.229839 0.019669
1 0.210685 0.692417 0.300403 0.023375
1 0.189315 0.720068 0.257661 0.023375
1 0.199395 0.745867 0.277823 0.019669
1 0.597984 0.542617 0.228226 0.019669
1 0.619556 0.565849 0.271371 0.021095
1 0.603024 0.591933 0.238306 0.019669
1 0.614315 0.615878 0.260887 0.019669
1 0.595968 0.641676 0.224194 0.023375
1 0.660484 0.666762 0.353226 0.021095
1 0.565121 0.693130 0.162500 0.019099
1 0.607258 0.716220 0.246774 0.019669
1 0.639718 0.740023 0.311694 0.019954
1 0.415726 0.775371 0.710484 0.020525
1 0.477823 0.800599 0.834677 0.019669
1 0.371169 0.826397 0.621371 0.023375
1 0.276411 0.852195 0.431855 0.019669
5 0.495968 0.923746 0.870968 0.031642
