1 0.500047 0.065422 0.242339 0.021950
1 0.499984 0.094213 0.272984 0.021380
1 0.500082 0.149800 0.079839 0.012258
2 0.224597 0.112600 0.142742 0.071266
1 0.232460 0.165051 0.343952 0.021095
1 0.231653 0.194128 0.342339 0.010262
1 0.732460 0.193843 0.416532 0.019954
1 0.763306 0.216790 0.349194 0.019669
1 0.499928 0.287058 0.162500 0.021095
1 0.500041 0.315707 0.039113 0.020810
1 0.499991 0.345924 0.832661 0.024230
1 0.499946 0.374430 0.814516 0.024230
1 0.499975 0.401511 0.102016 0.020239
1 0.470161 0.439282 0.819355 0.023375
1 0.513710 0.465080 0.906452 0.019669
1 0.474597 0.490878 0.828226 0.023375
1 0.514718 0.518529 0.908468 0.023375
1 0.441734 0.544327 0.762500 0.019669
1 0.183468 0.568558 0.245968 0.019099
1 0.600000 0.592930 1.079032 0.024515
1 0.067742 0.621437 0.014516 0.008552
1 0.948992 0.634407 1.777016 0.024800
1 0.330444 0.663483 0.539919 0.024800
3 0.141129 0.765393 0.120968 0.085519
3 0.362903 0.765393 0.120968 0.085519
4 0.745968 0.765393 0.120968 0.085519
1 0.285282 0.702680 0.449597 0.019954
1 0.149395 0.835376 0.177823 0.012828
1 0.371169 0.835376 0.177823 0.012828
5 0.495968 0.882982 0.870968 0.034493
