1 0.500047 0.065422 0.242339 0.021950
1 0.499984 0.094213 0.272984 0.021380
1 0.500082 0.149800 0.079839 0.012258
2 0.224597 0.112600 0.142742 0.071266
1 0.232460 0.165051 0.343952 0.021095
1 0.231653 0.194128 0.342339 0.010262
1 0.732460 0.193843 0.416532 0.019954
1 0.763306 0.216790 0.349194 0.019669
1 0.499928 0.287058 0.162500 0.021095
1 0.500041 0.315707 0.039113 0.020810
1 0.500025 0.345639 0.877419 0.024800
1 0.500032 0.372862 0.802823 0.021665
1 0.499635 0.398945 0.219758 0.021380
1 0.415726 0.436146 0.710484 0.020525
1 0.477823 0.461374 0.834677 0.019669
1 0.371169 0.487172 0.621371 0.023375
1 0.450202 0.512970 0.779435 0.019669
1 0.487702 0.536773 0.854435 0.019954
1 0.323185 0.560433 0.525403 0.021095
1 0.506855 0.587657 0.892742 0.024800
1 0.513508 0.617018 0.906048 0.024230
1 0.166532 0.644099 0.212097 0.019669
3 0.141129 0.742018 0.120968 0.085519
3 0.362903 0.742018 0.120968 0.085519
4 0.745968 0.742018 0.120968 0.085519
1 0.285282 0.679304 0.449597 0.019954
1 0.149395 0.812001 0.177823 0.012828
1 0.371169 0.812001 0.177823 0.012828
5 0.495968 0.859607 0.870968 0.034493
