1 0.366935 0.040051 0.411290 0.019669
1 0.377621 0.068843 0.432661 0.019099
1 0.350202 0.097064 0.377823 0.019669
1 0.383266 0.125855 0.443952 0.019099
1 0.361290 0.155929 0.400000 0.023375
1 0.389315 0.188426 0.456048 0.022805
1 0.423387 0.218501 0.524194 0.019669
1 0.368952 0.247007 0.415323 0.019669
1 0.394355 0.275513 0.466129 0.019669
1 0.354032 0.304019 0.385484 0.019669
1 0.385081 0.331956 0.447581 0.020810
1 0.397782 0.361032 0.472984 0.019669
1 0.272379 0.387258 0.222177 0.015108
1 0.514516 0.413483 0.706452 0.019669
1 0.283468 0.442132 0.244355 0.019384
1 0.364718 0.470496 0.406855 0.019669
1 0.323185 0.500855 0.323790 0.023375
1 0.382460 0.531214 0.442339 0.019669
1 0.342137 0.559578 0.361694 0.019954
1 0.497782 0.588227 0.672984 0.019669
1 0.386089 0.616733 0.449597 0.019669
1 0.214516 0.647092 0.106452 0.015964
1 0.446371 0.673746 0.570161 0.019669
1 0.375202 0.702252 0.427823 0.019669
1 0.538508 0.730758 0.754435 0.019669
1 0.353226 0.759265 0.383871 0.019669
1 0.354637 0.787771 0.386694 0.019669
1 0.315927 0.818130 0.309274 0.023375
1 0.381855 0.848489 0.441129 0.019669
1 0.222581 0.874715 0.122581 0.015108
1 0.428629 0.900941 0.534677 0.019669
1 0.368952 0.929447 0.415323 0.019669
1 0.280847 0.957953 0.239113 0.019669
