1 0.500047 0.065422 0.242339 0.021950
1 0.499984 0.094213 0.272984 0.021380
1 0.500082 0.149800 0.079839 0.012258
2 0.224597 0.112600 0.142742 0.071266
1 0.232460 0.165051 0.343952 0.021095
2 0.766129 0.105473 0.080645 0.057013
1 0.786492 0.165194 0.282661 0.020810
1 0.231653 0.194128 0.342339 0.010262
1 0.499928 0.287058 0.162500 0.021095
1 0.500041 0.315707 0.039113 0.020810
1 0.500069 0.344071 0.842742 0.021095
1 0.499943 0.371294 0.663306 0.024230
1 0.499946 0.397662 0.729032 0.021665
1 0.517137 0.437571 0.913306 0.023375
1 0.395968 0.465222 0.670968 0.023375
1 0.309274 0.492873 0.497581 0.023375
1 0.457661 0.517959 0.794355 0.021095
1 0.510484 0.545182 0.900000 0.024800
1 0.472581 0.574971 0.824194 0.023375
1 0.477419 0.602623 0.833871 0.023375
1 0.365927 0.627708 0.610887 0.021095
1 0.383871 0.655644 0.646774 0.023375
1 0.443548 0.683153 0.766129 0.023660
1 0.419355 0.711231 0.717742 0.023375
4 0.782258 0.813854 0.282258 0.142531
4 0.368952 0.839510 0.262097 0.142531
1 0.211694 0.831100 0.108871 0.007697
1 0.217944 0.844783 0.121371 0.008837
3 0.217742 0.896522 0.120968 0.085519
1 0.220161 0.958951 0.125806 0.007412
1 0.568145 0.751140 0.418548 0.019954
1 0.573790 0.779789 0.349194 0.019669
