1 0.278831 0.041904 0.235081 0.023375
1 0.348185 0.072263 0.373790 0.019669
1 0.447581 0.101910 0.572581 0.024800
1 0.388710 0.132697 0.454839 0.020239
1 0.317137 0.161345 0.311694 0.019954
1 0.352016 0.191990 0.381452 0.023090
1 0.334073 0.224202 0.345565 0.023090
1 0.341331 0.254418 0.360081 0.019669
1 0.340524 0.285063 0.358468 0.022805
1 0.347177 0.314994 0.371774 0.019954
1 0.319556 0.343643 0.316532 0.019669
1 0.367339 0.372149 0.412097 0.019669
1 0.395161 0.399943 0.467742 0.021095
1 0.347177 0.430302 0.371774 0.024800
1 0.307258 0.463512 0.291935 0.022805
1 0.354435 0.493444 0.386290 0.019954
1 0.319556 0.522092 0.316532 0.019669
1 0.384073 0.550456 0.445565 0.019954
1 0.384073 0.578392 0.445565 0.021095
1 0.378629 0.608894 0.434677 0.024515
1 0.251008 0.640251 0.179435 0.018814
1 0.401613 0.670182 0.480645 0.023375
1 0.382661 0.700542 0.442742 0.019669
1 0.350605 0.730901 0.378629 0.023375
1 0.366331 0.760690 0.410081 0.020810
1 0.395766 0.789766 0.468952 0.019669
1 0.404637 0.820125 0.486694 0.023375
1 0.336895 0.850485 0.351210 0.019669
1 0.265524 0.878706 0.208468 0.020239
1 0.351210 0.909493 0.379839 0.023090
1 0.290121 0.939709 0.257661 0.019669
1 0.401815 0.969356 0.481048 0.024800
