1 0.500047 0.065422 0.242339 0.021950
1 0.499984 0.094213 0.272984 0.021380
1 0.500082 0.149800 0.079839 0.012258
2 0.224597 0.112600 0.142742 0.071266
1 0.232460 0.165051 0.343952 0.021095
1 0.231653 0.194128 0.342339 0.010262
1 0.732460 0.193843 0.416532 0.019954
1 0.763306 0.216790 0.349194 0.019669
1 0.499928 0.287058 0.162500 0.021095
1 0.500041 0.315707 0.039113 0.020810
1 0.499666 0.343928 0.867742 0.021380
1 0.500076 0.369726 0.843145 0.021095
1 0.499953 0.397520 0.054435 0.016249
1 0.423790 0.427452 0.726613 0.019669
1 0.475605 0.451397 0.830242 0.019669
1 0.508266 0.477052 0.895565 0.023660
1 0.460282 0.505131 0.799597 0.023375
1 0.436089 0.532070 0.751210 0.024800
1 0.401210 0.561859 0.681452 0.023375
1 0.286290 0.589510 0.451613 0.023375
1 0.517944 0.617161 0.918145 0.023375
1 0.289516 0.642246 0.458065 0.021095
1 0.430040 0.669470 0.739113 0.024800
1 0.486895 0.697263 0.852823 0.019954
1 0.402016 0.721636 0.683065 0.019669
3 0.141129 0.819555 0.120968 0.085519
3 0.362903 0.819555 0.120968 0.085519
4 0.745968 0.819555 0.120968 0.085519
1 0.285282 0.756842 0.449597 0.019954
1 0.149395 0.889538 0.177823 0.012828
1 0.371169 0.889538 0.177823 0.012828
5 0.495968 0.937144 0.870968 0.034493
