1 0.500047 0.065422 0.242339 0.021950
1 0.499984 0.094213 0.272984 0.021380
1 0.500082 0.149800 0.079839 0.012258
2 0.224597 0.112600 0.142742 0.071266
1 0.232460 0.165051 0.343952 0.021095
1 0.231653 0.194128 0.342339 0.010262
1 0.732460 0.193843 0.416532 0.019954
1 0.763306 0.216790 0.349194 0.019669
1 0.499928 0.287058 0.162500 0.021095
1 0.500041 0.315707 0.039113 0.020810
1 0.500050 0.343786 0.704032 0.021665
1 0.500025 0.369726 0.854435 0.021665
1 0.500006 0.397805 0.175403 0.024230
1 0.491129 0.437999 0.861290 0.023660
1 0.512298 0.464082 0.903629 0.019954
1 0.456452 0.488455 0.791935 0.019669
1 0.508871 0.514253 0.896774 0.023375
1 0.477419 0.541762 0.833871 0.023660
1 0.509879 0.567417 0.898790 0.020810
1 0.494153 0.592503 0.867339 0.020810
1 0.496169 0.618158 0.871371 0.019669
1 0.315323 0.643957 0.509677 0.023375
3 0.141129 0.743729 0.120968 0.085519
3 0.362903 0.743729 0.120968 0.085519
4 0.745968 0.743729 0.120968 0.085519
1 0.285282 0.681015 0.449597 0.019954
1 0.149395 0.813712 0.177823 0.012828
1 0.371169 0.813712 0.177823 0.012828
5 0.495968 0.861317 0.870968 0.034493
