1 0.500047 0.065422 0.242339 0.021950
1 0.499984 0.094213 0.272984 0.021380
1 0.500082 0.149800 0.079839 0.012258
2 0.224597 0.112600 0.142742 0.071266
1 0.232460 0.165051 0.343952 0.021095
1 0.231653 0.194128 0.342339 0.010262
1 0.732460 0.193843 0.416532 0.019954
1 0.763306 0.216790 0.349194 0.019669
1 0.499928 0.287058 0.162500 0.021095
1 0.500041 0.315707 0.039113 0.020810
1 0.500054 0.344071 0.560081 0.021095
1 0.499921 0.371579 0.558468 0.023660
1 0.500085 0.399088 0.804435 0.024515
1 0.500050 0.428022 0.376613 0.024230
1 0.340524 0.468358 0.560081 0.023375
1 0.421371 0.494156 0.721774 0.019669
1 0.454234 0.518101 0.787500 0.019669
1 0.794758 0.543187 1.468548 0.024800
1 0.519758 0.572263 0.918548 0.024800
1 0.492944 0.600200 0.864919 0.019669
1 0.476210 0.624430 0.831452 0.020239
1 0.337097 0.648660 0.553226 0.019669
1 0.913710 0.671893 1.706452 0.021095
3 0.141129 0.771950 0.120968 0.085519
3 0.362903 0.771950 0.120968 0.085519
4 0.745968 0.771950 0.120968 0.085519
1 0.285282 0.709236 0.449597 0.019954
1 0.149395 0.841933 0.177823 0.012828
1 0.371169 0.841933 0.177823 0.012828
5 0.495968 0.889538 0.870968 0.034493
