1 0.500047 0.065422 0.242339 0.021950
1 0.499984 0.094213 0.272984 0.021380
1 0.500082 0.149800 0.079839 0.012258
2 0.224597 0.112600 0.142742 0.071266
1 0.232460 0.165051 0.343952 0.021095
1 0.231653 0.194128 0.342339 0.010262
1 0.732460 0.193843 0.416532 0.019954
1 0.763306 0.216790 0.349194 0.019669
1 0.499928 0.287058 0.162500 0.021095
1 0.500041 0.315707 0.039113 0.020810
1 0.500079 0.345781 0.880645 0.024515
1 0.500041 0.372577 0.734274 0.021665
1 0.446169 0.411773 0.771371 0.024800
1 0.464113 0.438997 0.807258 0.021095
1 0.517137 0.466220 0.913306 0.024800
1 0.504839 0.495296 0.888710 0.024800
1 0.460685 0.523233 0.800403 0.019669
1 0.418145 0.547178 0.715323 0.019669
1 0.297984 0.571123 0.475000 0.019669
1 0.504234 0.594926 0.887500 0.019954
1 0.496371 0.621152 0.871774 0.023375
1 0.304032 0.646237 0.487097 0.021095
3 0.141129 0.746294 0.120968 0.085519
3 0.362903 0.746294 0.120968 0.085519
4 0.745968 0.746294 0.120968 0.085519
1 0.285282 0.683580 0.449597 0.019954
1 0.149395 0.816277 0.177823 0.012828
1 0.371169 0.816277 0.177823 0.012828
5 0.495968 0.863883 0.870968 0.034493
