1 0.500047 0.065422 0.242339 0.021950
1 0.499984 0.094213 0.272984 0.021380
1 0.500082 0.149800 0.079839 0.012258
2 0.224597 0.112600 0.142742 0.071266
1 0.232460 0.165051 0.343952 0.021095
1 0.231653 0.194128 0.342339 0.010262
1 0.732460 0.193843 0.416532 0.019954
1 0.763306 0.216790 0.349194 0.019669
1 0.499928 0.287058 0.162500 0.021095
1 0.500041 0.315707 0.039113 0.020810
1 0.499943 0.344071 0.845161 0.021095
1 0.500079 0.369584 0.520565 0.020810
1 0.429234 0.408210 0.737500 0.023375
1 0.473387 0.435148 0.825806 0.024800
1 0.510282 0.462372 0.899597 0.021095
1 0.488710 0.489595 0.856452 0.024800
1 0.447581 0.519242 0.774194 0.023660
1 0.498589 0.547320 0.876210 0.023375
1 0.485081 0.573119 0.849194 0.019669
1 0.503226 0.598774 0.885484 0.023660
3 0.141129 0.698974 0.120968 0.085519
3 0.362903 0.698974 0.120968 0.085519
4 0.745968 0.698974 0.120968 0.085519
1 0.285282 0.636260 0.449597 0.019954
1 0.149395 0.768957 0.177823 0.012828
1 0.371169 0.768957 0.177823 0.012828
5 0.495968 0.816562 0.870968 0.034493
