1 0.395968 0.041904 0.469355 0.023375
1 0.254637 0.072263 0.186694 0.019669
1 0.499194 0.102623 0.675806 0.023375
1 0.330847 0.132982 0.339113 0.019669
1 0.391532 0.163341 0.460484 0.023375
1 0.307460 0.193700 0.292339 0.019669
1 0.297177 0.222634 0.271774 0.018814
1 0.318347 0.252566 0.314113 0.023375
1 0.398790 0.284778 0.475000 0.023375
1 0.335685 0.316990 0.348790 0.023375
1 0.398992 0.349202 0.475403 0.023375
1 0.350403 0.381699 0.378226 0.022805
1 0.366532 0.411060 0.410484 0.021095
1 0.384073 0.442132 0.445565 0.023375
1 0.475000 0.472491 0.627419 0.019669
1 0.356452 0.501283 0.390323 0.019099
1 0.435081 0.531499 0.547581 0.023090
1 0.322379 0.561716 0.322177 0.019669
1 0.430847 0.590222 0.539113 0.019669
1 0.331048 0.620582 0.339516 0.023375
1 0.379032 0.650228 0.435484 0.021095
1 0.271169 0.679447 0.219758 0.019669
1 0.387500 0.709806 0.452419 0.023375
1 0.365927 0.740165 0.409274 0.019669
1 0.394355 0.768529 0.466129 0.019954
1 0.286492 0.797178 0.250403 0.019669
1 0.398185 0.825684 0.473790 0.019669
1 0.207460 0.852195 0.092339 0.014538
1 0.358065 0.878136 0.393548 0.019669
1 0.384677 0.908495 0.446774 0.023375
1 0.404637 0.938854 0.486694 0.019669
1 0.342742 0.966790 0.362903 0.020810
