1 0.500047 0.065422 0.242339 0.021950
1 0.499984 0.094213 0.272984 0.021380
1 0.500082 0.149800 0.079839 0.012258
2 0.224597 0.112600 0.142742 0.071266
1 0.232460 0.165051 0.343952 0.021095
2 0.766129 0.105473 0.080645 0.057013
1 0.786492 0.165194 0.282661 0.020810
1 0.231653 0.194128 0.342339 0.010262
1 0.499928 0.287058 0.162500 0.021095
1 0.500041 0.315707 0.039113 0.020810
1 0.499934 0.345496 0.770161 0.025086
1 0.500003 0.375143 0.857258 0.024515
1 0.499981 0.402366 0.280645 0.020810
1 0.511290 0.440849 0.901613 0.023660
1 0.445363 0.468928 0.769758 0.023375
1 0.473185 0.495867 0.825403 0.024800
1 0.513710 0.525656 0.906452 0.023375
1 0.480847 0.553164 0.840726 0.023660
1 0.434274 0.581100 0.747581 0.023660
1 0.450605 0.608894 0.780242 0.023945
1 0.382056 0.637400 0.643145 0.023375
4 0.782258 0.740023 0.282258 0.142531
4 0.368952 0.765678 0.262097 0.142531
1 0.211694 0.757269 0.108871 0.007697
1 0.217944 0.770952 0.121371 0.008837
3 0.217742 0.822691 0.120968 0.085519
1 0.220161 0.885120 0.125806 0.007412
1 0.568145 0.677309 0.418548 0.019954
1 0.573790 0.705958 0.349194 0.019669
