1 0.276008 0.041904 0.229435 0.023375
1 0.330040 0.072263 0.337500 0.019669
1 0.280242 0.100770 0.237903 0.019669
1 0.304435 0.131129 0.286290 0.023375
1 0.396774 0.163341 0.470968 0.023375
1 0.383065 0.192987 0.443548 0.021095
1 0.400806 0.223347 0.479032 0.024800
1 0.270161 0.254418 0.217742 0.019669
1 0.427621 0.284778 0.532661 0.023375
1 0.283266 0.315137 0.243952 0.019669
1 0.427621 0.345496 0.532661 0.023375
1 0.328629 0.377708 0.334677 0.023375
1 0.336492 0.409920 0.350403 0.023375
1 0.380645 0.440279 0.438710 0.019669
1 0.357460 0.470639 0.392339 0.023375
1 0.344355 0.500998 0.366129 0.019669
1 0.404032 0.529504 0.485484 0.019669
1 0.280645 0.559863 0.238710 0.023375
1 0.374597 0.592075 0.426613 0.023375
1 0.349194 0.622719 0.375806 0.019099
1 0.308669 0.652794 0.294758 0.023375
1 0.329435 0.682868 0.336290 0.020239
1 0.259677 0.711659 0.196774 0.019669
1 0.386089 0.742018 0.449597 0.023375
1 0.324597 0.772662 0.326613 0.020239
1 0.339718 0.800741 0.356855 0.021095
1 0.355444 0.829960 0.388306 0.019669
1 0.372379 0.858894 0.422177 0.018814
1 0.386089 0.888826 0.449597 0.023375
1 0.336089 0.919185 0.349597 0.019669
1 0.256250 0.947691 0.189919 0.019669
