1 0.388105 0.040051 0.453629 0.019669
1 0.376210 0.068558 0.429839 0.019669
1 0.364113 0.097064 0.405645 0.019669
1 0.262298 0.125855 0.202016 0.019099
1 0.364113 0.155359 0.405645 0.024515
1 0.396774 0.186288 0.470968 0.019669
1 0.403427 0.214795 0.484274 0.019669
1 0.350605 0.245011 0.378629 0.023660
1 0.279637 0.275513 0.236694 0.019669
1 0.367944 0.304019 0.413306 0.019669
1 0.419960 0.331956 0.517339 0.020810
1 0.236492 0.363455 0.150403 0.014823
1 0.354234 0.389538 0.385887 0.019669
1 0.240121 0.418044 0.157661 0.019669
1 0.524395 0.448261 0.726210 0.023660
1 0.285081 0.478905 0.247581 0.019384
1 0.386694 0.509122 0.450806 0.023375
1 0.378226 0.539481 0.433871 0.019669
1 0.286694 0.567987 0.250806 0.019669
1 0.323589 0.598347 0.324597 0.023375
1 0.316532 0.630559 0.310484 0.023375
1 0.386089 0.662058 0.449597 0.024800
1 0.361895 0.693130 0.401210 0.019669
1 0.395363 0.721921 0.468145 0.019099
1 0.356653 0.750143 0.390726 0.019669
1 0.384879 0.778649 0.447177 0.019669
1 0.343548 0.806442 0.364516 0.021095
1 0.333871 0.835661 0.345161 0.019669
1 0.387702 0.864168 0.452823 0.019669
1 0.278427 0.894527 0.234274 0.023375
1 0.344556 0.926739 0.366532 0.023375
1 0.500403 0.958951 0.678226 0.023375
