1 0.500047 0.065422 0.242339 0.021950
1 0.499984 0.094213 0.272984 0.021380
1 0.500082 0.149800 0.079839 0.012258
2 0.224597 0.112600 0.142742 0.071266
1 0.232460 0.165051 0.343952 0.021095
2 0.766129 0.105473 0.080645 0.057013
1 0.786492 0.165194 0.282661 0.020810
1 0.231653 0.194128 0.342339 0.010262
1 0.499928 0.287058 0.162500 0.021095
1 0.500041 0.315707 0.039113 0.020810
1 0.499953 0.345924 0.704032 0.024230
1 0.500044 0.372719 0.654435 0.020810
1 0.500022 0.397662 0.647581 0.021095
1 0.419556 0.436716 0.718145 0.023375
1 0.512298 0.464367 0.903629 0.023375
1 0.467944 0.491306 0.814919 0.024800
1 0.505645 0.519242 0.890323 0.019669
1 0.502419 0.544327 0.883871 0.024800
1 0.489919 0.571551 0.858871 0.021095
1 0.515121 0.599344 0.909274 0.023660
1 0.496774 0.625428 0.872581 0.019954
1 0.430040 0.651653 0.739113 0.023375
1 0.156250 0.677452 0.191532 0.019669
4 0.782258 0.778221 0.282258 0.142531
4 0.368952 0.803877 0.262097 0.142531
1 0.211694 0.795468 0.108871 0.007697
1 0.217944 0.809151 0.121371 0.008837
3 0.217742 0.860889 0.120968 0.085519
1 0.220161 0.923318 0.125806 0.007412
1 0.568145 0.715507 0.418548 0.019954
1 0.573790 0.744156 0.349194 0.019669
