1 0.500047 0.065422 0.242339 0.021950
1 0.499984 0.094213 0.272984 0.021380
1 0.500082 0.149800 0.079839 0.012258
2 0.224597 0.112600 0.142742 0.071266
1 0.232460 0.165051 0.343952 0.021095
1 0.231653 0.194128 0.342339 0.010262
1 0.732460 0.193843 0.416532 0.019954
1 0.763306 0.216790 0.349194 0.019669
1 0.499928 0.287058 0.162500 0.021095
1 0.500041 0.315707 0.039113 0.020810
1 0.500035 0.344071 0.773790 0.021095
1 0.499991 0.369441 0.135887 0.021095
1 0.500085 0.394954 0.876613 0.021380
1 0.467339 0.434436 0.813710 0.022805
1 0.510887 0.459379 0.900806 0.019669
1 0.443145 0.485462 0.765323 0.022805
1 0.456250 0.512258 0.791532 0.023375
1 0.519153 0.539909 0.917339 0.023375
1 0.420766 0.567560 0.720565 0.023375
1 0.476815 0.593358 0.832661 0.019669
1 0.462097 0.619156 0.803226 0.023375
1 0.465323 0.646095 0.809677 0.024800
1 0.392944 0.675171 0.664919 0.024800
3 0.141129 0.777081 0.120968 0.085519
3 0.362903 0.777081 0.120968 0.085519
4 0.745968 0.777081 0.120968 0.085519
1 0.285282 0.714367 0.449597 0.019954
1 0.149395 0.847064 0.177823 0.012828
1 0.371169 0.847064 0.177823 0.012828
5 0.495968 0.894669 0.870968 0.034493
