1 0.500047 0.065422 0.242339 0.021950
1 0.499984 0.094213 0.272984 0.021380
1 0.500082 0.149800 0.079839 0.012258
2 0.224597 0.112600 0.142742 0.071266
1 0.232460 0.165051 0.343952 0.021095
1 0.231653 0.194128 0.342339 0.010262
1 0.732460 0.193843 0.416532 0.019954
1 0.763306 0.216790 0.349194 0.019669
1 0.499928 0.287058 0.162500 0.021095
1 0.500041 0.315707 0.039113 0.020810
1 0.499953 0.345924 0.704032 0.024230
1 0.500044 0.372719 0.654435 0.020810
1 0.500022 0.397662 0.647581 0.021095
1 0.419556 0.436716 0.718145 0.023375
1 0.512298 0.464367 0.903629 0.023375
1 0.467944 0.491306 0.814919 0.024800
1 0.505645 0.519242 0.890323 0.019669
1 0.502419 0.544327 0.883871 0.024800
1 0.489919 0.571551 0.858871 0.021095
1 0.515121 0.599344 0.909274 0.023660
1 0.496774 0.625428 0.872581 0.019954
1 0.430040 0.651653 0.739113 0.023375
1 0.156250 0.677452 0.191532 0.019669
3 0.141129 0.775371 0.120968 0.085519
3 0.362903 0.775371 0.120968 0.085519
4 0.745968 0.775371 0.120968 0.085519
1 0.285282 0.712657 0.449597 0.019954
1 0.149395 0.845353 0.177823 0.012828
1 0.371169 0.845353 0.177823 0.012828
5 0.495968 0.892959 0.870968 0.034493
