1 0.238306 0.042332 0.154032 0.022520
1 0.574597 0.073404 0.826613 0.024800
1 0.338710 0.104333 0.354839 0.019954
1 0.371774 0.132269 0.420968 0.021095
1 0.369153 0.163198 0.415726 0.023660
1 0.406855 0.193985 0.491129 0.020239
1 0.395565 0.225057 0.468548 0.022520
1 0.401613 0.255131 0.480645 0.019384
1 0.379839 0.283495 0.437097 0.019669
1 0.340726 0.312286 0.358871 0.019099
1 0.376411 0.340507 0.430242 0.019669
1 0.370766 0.368301 0.418952 0.021095
1 0.380040 0.397520 0.437500 0.019669
1 0.388710 0.425456 0.454839 0.020810
1 0.391734 0.453820 0.460887 0.021095
1 0.367137 0.483039 0.411694 0.019669
1 0.303831 0.511403 0.285081 0.019954
1 0.446573 0.539909 0.570565 0.019954
1 0.364718 0.570410 0.406855 0.023375
1 0.371371 0.600627 0.420161 0.019954
1 0.336895 0.629704 0.351210 0.018814
1 0.455444 0.659065 0.588306 0.024515
1 0.365726 0.691847 0.408871 0.023375
1 0.378629 0.724059 0.434677 0.023375
1 0.417944 0.755701 0.513306 0.024515
1 0.303427 0.786916 0.284274 0.019099
1 0.482258 0.815137 0.641935 0.019669
1 0.333669 0.844926 0.344758 0.024515
1 0.331653 0.875855 0.340726 0.019669
1 0.388105 0.904361 0.453629 0.019669
1 0.240121 0.932868 0.157661 0.019669
1 0.388105 0.961374 0.453629 0.019669
