1 0.500047 0.065422 0.242339 0.021950
1 0.499984 0.094213 0.272984 0.021380
1 0.500082 0.149800 0.079839 0.012258
2 0.224597 0.112600 0.142742 0.071266
1 0.232460 0.165051 0.343952 0.021095
2 0.766129 0.105473 0.080645 0.057013
1 0.786492 0.165194 0.282661 0.020810
1 0.231653 0.194128 0.342339 0.010262
1 0.499928 0.287058 0.162500 0.021095
1 0.500041 0.315707 0.039113 0.020810
1 0.499953 0.345496 0.818952 0.025086
1 0.500006 0.373575 0.326613 0.020810
1 0.430645 0.410348 0.740323 0.019669
1 0.405040 0.436288 0.689113 0.023090
1 0.457460 0.460946 0.793952 0.021095
1 0.487702 0.488883 0.854435 0.023375
1 0.505040 0.516534 0.889113 0.023375
1 0.382661 0.542189 0.644355 0.019954
1 0.420565 0.568273 0.720161 0.023660
1 0.502218 0.595781 0.883468 0.024515
1 0.504032 0.625143 0.887097 0.023375
1 0.375202 0.650228 0.629435 0.021095
4 0.782258 0.753136 0.282258 0.142531
4 0.368952 0.778791 0.262097 0.142531
1 0.211694 0.770382 0.108871 0.007697
1 0.217944 0.784065 0.121371 0.008837
3 0.217742 0.835804 0.120968 0.085519
1 0.220161 0.898233 0.125806 0.007412
1 0.568145 0.690422 0.418548 0.019954
1 0.573790 0.719071 0.349194 0.019669
