1 0.500047 0.065422 0.242339 0.021950
1 0.499984 0.094213 0.272984 0.021380
1 0.500082 0.149800 0.079839 0.012258
2 0.224597 0.112600 0.142742 0.071266
1 0.232460 0.165051 0.343952 0.021095
1 0.231653 0.194128 0.342339 0.010262
1 0.732460 0.193843 0.416532 0.019954
1 0.763306 0.216790 0.349194 0.019669
1 0.499928 0.287058 0.162500 0.021095
1 0.500041 0.315707 0.039113 0.020810
1 0.500006 0.345496 0.846371 0.025086
1 0.499991 0.373147 0.800403 0.021665
1 0.476008 0.411060 0.831048 0.019954
1 0.400202 0.437001 0.679435 0.023945
1 0.268750 0.465507 0.416532 0.023375
1 0.520161 0.490735 0.919355 0.020810
1 0.507661 0.516391 0.894355 0.019669
1 0.466532 0.540336 0.812097 0.019669
1 0.517944 0.565422 0.914919 0.024800
1 0.501210 0.594641 0.881452 0.024515
1 0.516331 0.623290 0.911694 0.024800
1 0.519556 0.653079 0.918145 0.023375
3 0.141129 0.752851 0.120968 0.085519
3 0.362903 0.752851 0.120968 0.085519
4 0.745968 0.752851 0.120968 0.085519
1 0.285282 0.690137 0.449597 0.019954
1 0.149395 0.822834 0.177823 0.012828
1 0.371169 0.822834 0.177823 0.012828
5 0.495968 0.870439 0.870968 0.034493
