1 0.342944 0.068843 0.443952 0.019099
1 0.279637 0.092360 0.317339 0.023375
1 0.336694 0.116591 0.431452 0.019954
1 0.254032 0.139396 0.266129 0.019954
1 0.334274 0.161631 0.426613 0.021095
1 0.227823 0.186146 0.213710 0.019954
1 0.243750 0.209094 0.245565 0.019669
1 0.249798 0.231613 0.257661 0.019669
1 0.266935 0.296608 0.291935 0.019669
1 0.372782 0.318415 0.503629 0.021095
1 0.309879 0.343073 0.377823 0.019669
1 0.348387 0.367446 0.454839 0.023375
1 0.265927 0.393672 0.289919 0.023375
1 0.269556 0.419185 0.297177 0.024800
1 0.299395 0.446836 0.356855 0.024800
1 0.406653 0.040051 0.692339 0.019669
1 0.201210 0.268101 0.321774 0.020239
4 0.625000 0.527366 0.120968 0.085519
1 0.350202 0.496152 0.619758 0.019669
3 0.100806 0.570125 0.120968 0.085519
1 0.101008 0.622007 0.121371 0.017104
