1 0.390524 0.040051 0.458468 0.019669
1 0.190323 0.066420 0.058065 0.014823
1 0.436895 0.091790 0.551210 0.021095
1 0.411895 0.121009 0.501210 0.019669
1 0.364516 0.151368 0.406452 0.023375
1 0.388508 0.181727 0.454435 0.019669
1 0.351411 0.210234 0.380242 0.019669
1 0.379234 0.238740 0.435887 0.019669
1 0.350403 0.269099 0.378226 0.023375
1 0.352016 0.298746 0.381452 0.021095
1 0.330645 0.327965 0.338710 0.019669
1 0.508266 0.357611 0.693952 0.024800
1 0.370363 0.388683 0.418145 0.019669
1 0.299798 0.416619 0.277016 0.020810
1 0.289315 0.445696 0.256048 0.019669
1 0.429839 0.475485 0.537097 0.024515
1 0.271371 0.506699 0.220161 0.019099
1 0.306250 0.534920 0.289919 0.019669
1 0.292137 0.563426 0.261694 0.019669
1 0.373185 0.593786 0.423790 0.023375
1 0.336492 0.624430 0.350403 0.019099
1 0.503629 0.654361 0.684677 0.023660
1 0.388508 0.686716 0.454435 0.023375
1 0.340927 0.718928 0.359274 0.023375
1 0.334879 0.751140 0.347177 0.023375
1 0.343750 0.781642 0.364919 0.020525
1 0.389516 0.810006 0.456452 0.020810
1 0.386694 0.839082 0.450806 0.019669
1 0.383669 0.867303 0.444758 0.020239
1 0.326411 0.896095 0.330242 0.019669
1 0.382863 0.924601 0.443145 0.019669
1 0.395968 0.954960 0.469355 0.023375
