1 0.342137 0.068558 0.442339 0.019669
1 0.318548 0.090935 0.395161 0.019954
1 0.356452 0.115593 0.470968 0.023660
1 0.330645 0.140251 0.419355 0.019954
1 0.349597 0.163198 0.457258 0.019669
1 0.272177 0.185148 0.302419 0.020810
1 0.336089 0.209521 0.430242 0.019384
1 0.339113 0.232754 0.436290 0.024800
1 0.222379 0.295895 0.202823 0.021095
1 0.337500 0.320553 0.433065 0.019669
1 0.293548 0.344926 0.345161 0.023375
1 0.240323 0.371294 0.238710 0.023090
1 0.346169 0.395382 0.450403 0.019384
1 0.363710 0.416762 0.485484 0.021095
1 0.289919 0.441420 0.337903 0.019669
1 0.283266 0.463512 0.324597 0.020525
1 0.406653 0.040051 0.692339 0.019669
1 0.201210 0.268101 0.321774 0.020239
4 0.625000 0.527366 0.120968 0.085519
1 0.350202 0.496152 0.619758 0.019669
3 0.100806 0.570125 0.120968 0.085519
1 0.101008 0.622007 0.121371 0.017104
