1 0.500047 0.065422 0.242339 0.021950
1 0.499984 0.094213 0.272984 0.021380
0 0.500082 0.149800 0.079839 0.012258
2 0.224597 0.112600 0.142742 0.071266
1 0.232460 0.165051 0.343952 0.021095
1 0.231653 0.194128 0.342339 0.010262
1 0.676210 0.193843 0.505645 0.019954
1 0.763306 0.216790 0.349194 0.019669
1 0.499928 0.287058 0.162500 0.021095
1 0.500041 0.315707 0.039113 0.020810
1 0.500025 0.345924 0.517742 0.024230
1 0.500076 0.373432 0.468145 0.022235
1 0.500060 0.399088 0.706452 0.021095
1 0.480444 0.436146 0.839919 0.019954
1 0.518145 0.462372 0.915323 0.023375
1 0.495766 0.490023 0.870565 0.023375
1 0.505040 0.515678 0.889113 0.019954
1 0.435685 0.539909 0.750403 0.019954
1 0.326411 0.564282 0.531855 0.019669
1 0.559476 0.589795 0.997984 0.023945
1 0.523790 0.618301 0.926613 0.023375
1 0.459476 0.644099 0.797984 0.019669
1 0.280444 0.670040 0.439919 0.023090
3 0.141129 0.769384 0.120968 0.085519
3 0.362903 0.769384 0.120968 0.085519
4 0.745968 0.769384 0.120968 0.085519
1 0.285282 0.706670 0.449597 0.019954
1 0.149395 0.839367 0.177823 0.012828
1 0.371169 0.839367 0.177823 0.012828
5 0.495968 0.886973 0.870968 0.034493
