1 0.500047 0.065422 0.242339 0.021950
1 0.499984 0.094213 0.272984 0.021380
1 0.500082 0.149800 0.079839 0.012258
2 0.224597 0.112600 0.142742 0.071266
1 0.232460 0.165051 0.343952 0.021095
1 0.231653 0.194128 0.342339 0.010262
1 0.732460 0.193843 0.416532 0.019954
1 0.763306 0.216790 0.349194 0.019669
1 0.499928 0.287058 0.162500 0.021095
1 0.500041 0.315707 0.039113 0.020810
1 0.499975 0.345781 0.852419 0.024515
1 0.500088 0.373005 0.722581 0.020810
1 0.499909 0.397948 0.796774 0.021095
1 0.499968 0.423746 0.284677 0.020239
1 0.465121 0.461517 0.809274 0.023375
1 0.486895 0.487315 0.852823 0.019669
1 0.468750 0.511117 0.816532 0.019954
1 0.415927 0.536631 0.710887 0.024800
1 0.508065 0.564852 0.895161 0.019099
1 0.458468 0.589082 0.795968 0.024800
1 0.505645 0.617018 0.890323 0.019669
1 0.420766 0.642816 0.720565 0.023375
1 0.483065 0.669755 0.845161 0.024800
1 0.359476 0.696978 0.599597 0.021095
1 0.419960 0.723062 0.718952 0.019669
3 0.141129 0.820981 0.120968 0.085519
3 0.362903 0.820981 0.120968 0.085519
4 0.745968 0.820981 0.120968 0.085519
1 0.285282 0.758267 0.449597 0.019954
1 0.149395 0.890964 0.177823 0.012828
1 0.371169 0.890964 0.177823 0.012828
5 0.495968 0.938569 0.870968 0.034493
