1 0.307258 0.041904 0.291935 0.023375
1 0.377419 0.074116 0.432258 0.023375
1 0.382863 0.106328 0.443145 0.023375
1 0.403831 0.136688 0.485081 0.019669
1 0.316734 0.167047 0.310887 0.023375
1 0.397984 0.198546 0.473387 0.024800
1 0.340121 0.231471 0.357661 0.023375
1 0.403831 0.261830 0.485081 0.019669
1 0.233669 0.290336 0.144758 0.019669
1 0.167137 0.321978 0.011694 0.004276
1 0.275806 0.342788 0.229032 0.019669
1 0.433266 0.371294 0.543952 0.019669
1 0.505444 0.399800 0.688306 0.019669
1 0.429839 0.428307 0.537097 0.019669
1 0.371573 0.456813 0.420565 0.019669
1 0.245968 0.487172 0.169355 0.023375
1 0.337500 0.517531 0.352419 0.019669
1 0.270565 0.546038 0.218548 0.019669
1 0.341331 0.576397 0.360081 0.023375
1 0.332863 0.606613 0.343145 0.019954
1 0.335282 0.635120 0.347984 0.019954
1 0.295363 0.663911 0.268145 0.019384
1 0.358468 0.692275 0.394355 0.019669
1 0.369960 0.720781 0.417339 0.019669
1 0.331452 0.749287 0.340323 0.019669
1 0.381048 0.779647 0.439516 0.023375
1 0.345161 0.811859 0.367742 0.023375
1 0.386089 0.844356 0.449597 0.022805
1 0.320363 0.874430 0.318145 0.019669
1 0.250000 0.903221 0.177419 0.019099
1 0.437097 0.933295 0.551613 0.023375
1 0.366935 0.963655 0.411290 0.019669
