1 0.500047 0.065422 0.242339 0.021950
1 0.499984 0.094213 0.272984 0.021380
1 0.500082 0.149800 0.079839 0.012258
2 0.224597 0.112600 0.142742 0.071266
1 0.232460 0.165051 0.343952 0.021095
2 0.766129 0.105473 0.080645 0.057013
1 0.786492 0.165194 0.282661 0.020810
1 0.231653 0.194128 0.342339 0.010262
1 0.499928 0.287058 0.162500 0.021095
1 0.500041 0.315707 0.039113 0.020810
1 0.499915 0.344213 0.660887 0.020810
1 0.500028 0.370582 0.737097 0.025086
1 0.499987 0.400228 0.572984 0.024515
1 0.496976 0.440849 0.872984 0.023660
1 0.486694 0.466505 0.852419 0.020810
1 0.449194 0.492018 0.777419 0.019954
1 0.495968 0.516391 0.870968 0.019669
1 0.499194 0.542189 0.877419 0.023375
1 0.479839 0.569983 0.838710 0.023090
1 0.483266 0.596494 0.845565 0.024800
1 0.506653 0.626283 0.892339 0.023375
1 0.340726 0.652081 0.560484 0.019669
4 0.782258 0.752851 0.282258 0.142531
4 0.368952 0.778506 0.262097 0.142531
1 0.211694 0.770097 0.108871 0.007697
1 0.217944 0.783780 0.121371 0.008837
3 0.217742 0.835519 0.120968 0.085519
1 0.220161 0.897948 0.125806 0.007412
1 0.568145 0.690137 0.418548 0.019954
1 0.573790 0.718786 0.349194 0.019669
