1 0.500047 0.065422 0.242339 0.021950
1 0.499984 0.094213 0.272984 0.021380
0 0.500082 0.149800 0.079839 0.012258
2 0.224597 0.112600 0.142742 0.071266
1 0.232460 0.165051 0.343952 0.021095
1 0.231653 0.194128 0.342339 0.010262
1 0.732460 0.193843 0.416532 0.019954
1 0.763306 0.216790 0.349194 0.019669
1 0.499928 0.287058 0.162500 0.021095
1 0.500041 0.315707 0.039113 0.020810
1 0.499915 0.345781 0.865726 0.024515
1 0.500082 0.372862 0.858065 0.021095
1 0.499915 0.400086 0.583871 0.024230
1 0.504435 0.440422 0.887903 0.023375
1 0.476411 0.467360 0.831855 0.024800
1 0.509476 0.495296 0.897984 0.019669
1 0.206250 0.521095 0.291532 0.023375
1 0.134274 0.552309 0.147581 0.020239
1 0.206048 0.577109 0.291129 0.019669
1 0.214315 0.602908 0.307661 0.023375
1 0.202823 0.628706 0.284677 0.019669
1 0.168347 0.652651 0.215726 0.019669
1 0.175403 0.676596 0.229839 0.019669
1 0.210685 0.702395 0.300403 0.023375
1 0.189315 0.730046 0.257661 0.023375
1 0.199395 0.755844 0.277823 0.019669
1 0.597984 0.552594 0.228226 0.019669
1 0.619556 0.575827 0.271371 0.021095
1 0.603024 0.601910 0.238306 0.019669
1 0.614315 0.625855 0.260887 0.019669
1 0.595968 0.651653 0.224194 0.023375
1 0.660484 0.676739 0.353226 0.021095
1 0.565121 0.703107 0.162500 0.019099
1 0.607258 0.726197 0.246774 0.019669
1 0.639718 0.750000 0.311694 0.019954
1 0.504435 0.787628 0.887903 0.023375
1 0.476411 0.814567 0.831855 0.024800
1 0.509476 0.842503 0.897984 0.019669
1 0.206250 0.868301 0.291532 0.023375
5 0.495968 0.941705 0.870968 0.031642
