1 0.500047 0.065422 0.242339 0.021950
1 0.499984 0.094213 0.272984 0.021380
1 0.500082 0.149800 0.079839 0.012258
2 0.224597 0.112600 0.142742 0.071266
1 0.232460 0.165051 0.343952 0.021095
1 0.231653 0.194128 0.342339 0.010262
1 0.732460 0.193843 0.416532 0.019954
1 0.763306 0.216790 0.349194 0.019669
1 0.499928 0.287058 0.162500 0.021095
1 0.500041 0.315707 0.039113 0.020810
1 0.500287 0.345496 0.824194 0.025086
1 0.500003 0.373575 0.859677 0.020810
1 0.499981 0.398660 0.232258 0.020810
1 0.513105 0.436574 0.905242 0.024800
1 0.488306 0.464367 0.855645 0.019954
1 0.510081 0.488027 0.899194 0.021095
1 0.495161 0.515251 0.869355 0.024800
1 0.388508 0.545040 0.656048 0.023375
1 0.519556 0.571978 0.918145 0.024800
1 0.505242 0.599344 0.889516 0.020810
1 0.477218 0.626283 0.833468 0.024515
3 0.141129 0.727765 0.120968 0.085519
3 0.362903 0.727765 0.120968 0.085519
4 0.745968 0.727765 0.120968 0.085519
1 0.285282 0.665051 0.449597 0.019954
1 0.149395 0.797748 0.177823 0.012828
1 0.371169 0.797748 0.177823 0.012828
5 0.495968 0.845353 0.870968 0.034493
