1 0.500047 0.065422 0.242339 0.021950
1 0.499984 0.094213 0.272984 0.021380
1 0.500082 0.149800 0.079839 0.012258
2 0.224597 0.112600 0.142742 0.071266
1 0.232460 0.165051 0.343952 0.021095
1 0.231653 0.194128 0.342339 0.010262
1 0.732460 0.193843 0.416532 0.019954
1 0.763306 0.216790 0.349194 0.019669
1 0.499928 0.287058 0.162500 0.021095
1 0.500041 0.315707 0.039113 0.020810
1 0.499994 0.345924 0.622984 0.024230
1 0.499924 0.372577 0.884677 0.021095
1 0.500022 0.398518 0.130645 0.010262
1 0.495161 0.426169 0.872581 0.023375
1 0.465323 0.453820 0.809677 0.023375
1 0.472984 0.481328 0.825000 0.023660
1 0.376008 0.509407 0.631048 0.023375
1 0.409879 0.537058 0.698790 0.023375
1 0.454032 0.562144 0.787097 0.021095
1 0.494153 0.589937 0.867339 0.023660
1 0.510282 0.616021 0.899597 0.019954
1 0.410081 0.642246 0.699194 0.023375
1 0.465726 0.669897 0.810484 0.023375
1 0.125403 0.695696 0.129839 0.019669
3 0.141129 0.793615 0.120968 0.085519
3 0.362903 0.793615 0.120968 0.085519
4 0.745968 0.793615 0.120968 0.085519
1 0.285282 0.730901 0.449597 0.019954
1 0.149395 0.863597 0.177823 0.012828
1 0.371169 0.863597 0.177823 0.012828
5 0.495968 0.911203 0.870968 0.034493
