1 0.500047 0.065422 0.242339 0.021950
1 0.499984 0.094213 0.272984 0.021380
1 0.500082 0.149800 0.079839 0.012258
2 0.224597 0.112600 0.142742 0.071266
1 0.232460 0.165051 0.343952 0.021095
1 0.231653 0.194128 0.342339 0.010262
1 0.732460 0.193843 0.416532 0.019954
1 0.763306 0.216790 0.349194 0.019669
1 0.499928 0.287058 0.162500 0.021095
1 0.500041 0.315707 0.039113 0.020810
1 0.499953 0.345496 0.818952 0.025086
1 0.500006 0.373575 0.326613 0.020810
1 0.430645 0.410348 0.740323 0.019669
1 0.405040 0.436288 0.689113 0.023090
1 0.457460 0.460946 0.793952 0.021095
1 0.487702 0.488883 0.854435 0.023375
1 0.505040 0.516534 0.889113 0.023375
1 0.382661 0.542189 0.644355 0.019954
1 0.420565 0.568273 0.720161 0.023660
1 0.502218 0.595781 0.883468 0.024515
1 0.504032 0.625143 0.887097 0.023375
1 0.375202 0.650228 0.629435 0.021095
3 0.141129 0.750285 0.120968 0.085519
3 0.362903 0.750285 0.120968 0.085519
4 0.745968 0.750285 0.120968 0.085519
1 0.285282 0.687571 0.449597 0.019954
1 0.149395 0.820268 0.177823 0.012828
1 0.371169 0.820268 0.177823 0.012828
5 0.495968 0.867873 0.870968 0.034493
