1 0.500047 0.065422 0.242339 0.021950
1 0.499984 0.094213 0.272984 0.021380
1 0.500082 0.149800 0.079839 0.012258
2 0.224597 0.112600 0.142742 0.071266
1 0.232460 0.165051 0.343952 0.021095
2 0.766129 0.105473 0.080645 0.057013
1 0.786492 0.165194 0.282661 0.020810
1 0.231653 0.194128 0.342339 0.010262
1 0.499928 0.287058 0.162500 0.021095
1 0.500041 0.315707 0.039113 0.020810
1 0.499994 0.345924 0.622984 0.024230
1 0.500076 0.372577 0.739919 0.021095
1 0.500072 0.397948 0.275806 0.020525
1 0.495161 0.436431 0.872581 0.023375
1 0.465323 0.464082 0.809677 0.023375
1 0.472984 0.491591 0.825000 0.023660
1 0.376008 0.519669 0.631048 0.023375
1 0.409879 0.547320 0.698790 0.023375
1 0.454032 0.572406 0.787097 0.021095
1 0.494153 0.600200 0.867339 0.023660
1 0.510282 0.626283 0.899597 0.019954
1 0.410081 0.652509 0.699194 0.023375
1 0.465726 0.680160 0.810484 0.023375
1 0.125403 0.705958 0.129839 0.019669
4 0.782258 0.806727 0.282258 0.142531
4 0.368952 0.832383 0.262097 0.142531
1 0.211694 0.823974 0.108871 0.007697
1 0.217944 0.837657 0.121371 0.008837
3 0.217742 0.889396 0.120968 0.085519
1 0.220161 0.951824 0.125806 0.007412
1 0.568145 0.744014 0.418548 0.019954
1 0.573790 0.772662 0.349194 0.019669
