1 0.500047 0.065422 0.242339 0.021950
1 0.499984 0.094213 0.272984 0.021380
1 0.500082 0.149800 0.079839 0.012258
2 0.224597 0.112600 0.142742 0.071266
1 0.232460 0.165051 0.343952 0.021095
2 0.766129 0.105473 0.080645 0.057013
1 0.786492 0.165194 0.282661 0.020810
1 0.231653 0.194128 0.342339 0.010262
1 0.499928 0.287058 0.162500 0.021095
1 0.500041 0.315707 0.039113 0.020810
1 0.499918 0.345781 0.726210 0.024515
1 0.500069 0.374572 0.835081 0.024515
1 0.499446 0.401653 0.495565 0.021095
1 0.440726 0.440422 0.760484 0.023945
1 0.487702 0.468928 0.854435 0.023375
1 0.241532 0.494726 0.362097 0.019669
1 0.502218 0.519954 0.883468 0.024515
1 0.222984 0.549316 0.325000 0.015964
1 0.466331 0.568985 0.811694 0.024515
1 0.314113 0.597634 0.507258 0.024800
1 0.516331 0.626853 0.911694 0.024515
1 0.478629 0.655502 0.836290 0.024800
1 0.515927 0.683295 0.910887 0.019954
1 0.413710 0.707668 0.706452 0.019669
1 0.314718 0.733324 0.508468 0.023660
4 0.782258 0.836374 0.282258 0.142531
4 0.368952 0.862030 0.262097 0.142531
1 0.211694 0.853620 0.108871 0.007697
1 0.217944 0.867303 0.121371 0.008837
3 0.217742 0.919042 0.120968 0.085519
1 0.220161 0.981471 0.125806 0.007412
1 0.568145 0.773660 0.418548 0.019954
1 0.573790 0.802309 0.349194 0.019669
