1 0.500047 0.065422 0.242339 0.021950
1 0.499984 0.094213 0.272984 0.021380
1 0.500082 0.149800 0.079839 0.012258
2 0.224597 0.112600 0.142742 0.071266
1 0.232460 0.165051 0.343952 0.021095
2 0.766129 0.105473 0.080645 0.057013
1 0.786492 0.165194 0.282661 0.020810
1 0.231653 0.194128 0.342339 0.010262
1 0.499928 0.287058 0.162500 0.021095
1 0.500041 0.315707 0.039113 0.020810
1 0.500035 0.344071 0.773790 0.021095
1 0.499991 0.369441 0.135887 0.021095
1 0.500085 0.394954 0.876613 0.021380
1 0.467339 0.434436 0.813710 0.022805
1 0.510887 0.459379 0.900806 0.019669
1 0.443145 0.485462 0.765323 0.022805
1 0.456250 0.512258 0.791532 0.023375
1 0.519153 0.539909 0.917339 0.023375
1 0.420766 0.567560 0.720565 0.023375
1 0.476815 0.593358 0.832661 0.019669
1 0.462097 0.619156 0.803226 0.023375
1 0.465323 0.646095 0.809677 0.024800
1 0.392944 0.675171 0.664919 0.024800
4 0.782258 0.779932 0.282258 0.142531
4 0.368952 0.805587 0.262097 0.142531
1 0.211694 0.797178 0.108871 0.007697
1 0.217944 0.810861 0.121371 0.008837
3 0.217742 0.862600 0.120968 0.085519
1 0.220161 0.925029 0.125806 0.007412
1 0.568145 0.717218 0.418548 0.019954
1 0.573790 0.745867 0.349194 0.019669
