1 0.500047 0.065422 0.242339 0.021950
1 0.499984 0.094213 0.272984 0.021380
0 0.500082 0.149800 0.079839 0.012258
2 0.224597 0.112600 0.142742 0.071266
1 0.232460 0.165051 0.343952 0.021095
1 0.231653 0.194128 0.342339 0.010262
1 0.732460 0.193843 0.416532 0.019954
1 0.763306 0.216790 0.349194 0.019669
1 0.499928 0.287058 0.162500 0.021095
1 0.500041 0.315707 0.039113 0.020810
1 0.499956 0.345781 0.619758 0.024515
1 0.499956 0.373005 0.637903 0.020810
1 0.500076 0.397662 0.351613 0.021665
1 0.446169 0.436859 0.771371 0.024800
1 0.464113 0.464082 0.807258 0.021095
1 0.517137 0.491306 0.913306 0.024800
1 0.385484 0.520382 0.650000 0.024800
1 0.134274 0.553734 0.147581 0.020239
1 0.206048 0.578535 0.291129 0.019669
1 0.214315 0.604333 0.307661 0.023375
1 0.202823 0.630131 0.284677 0.019669
1 0.168347 0.654076 0.215726 0.019669
1 0.175403 0.678022 0.229839 0.019669
1 0.210685 0.703820 0.300403 0.023375
1 0.189315 0.731471 0.257661 0.023375
1 0.199395 0.757269 0.277823 0.019669
1 0.597984 0.554019 0.228226 0.019669
1 0.619556 0.577252 0.271371 0.021095
1 0.603024 0.603335 0.238306 0.019669
1 0.614315 0.627281 0.260887 0.019669
1 0.595968 0.653079 0.224194 0.023375
1 0.660484 0.678164 0.353226 0.021095
1 0.565121 0.704532 0.162500 0.019099
1 0.607258 0.727623 0.246774 0.019669
1 0.639718 0.751425 0.311694 0.019954
1 0.446169 0.788341 0.771371 0.024800
1 0.464113 0.815564 0.807258 0.021095
1 0.517137 0.842788 0.913306 0.024800
1 0.385484 0.871864 0.650000 0.024800
5 0.495968 0.947406 0.870968 0.031642
