1 0.500047 0.065422 0.242339 0.021950
1 0.499984 0.094213 0.272984 0.021380
1 0.500082 0.149800 0.079839 0.012258
2 0.224597 0.112600 0.142742 0.071266
1 0.232460 0.165051 0.343952 0.021095
2 0.766129 0.105473 0.080645 0.057013
1 0.786492 0.165194 0.282661 0.020810
1 0.231653 0.194128 0.342339 0.010262
1 0.499928 0.287058 0.162500 0.021095
1 0.500041 0.315707 0.039113 0.020810
1 0.499975 0.345781 0.852419 0.024515
1 0.500088 0.373005 0.722581 0.020810
1 0.499909 0.397948 0.796774 0.021095
1 0.499968 0.423746 0.284677 0.020239
1 0.465121 0.461517 0.809274 0.023375
1 0.486895 0.487315 0.852823 0.019669
1 0.468750 0.511117 0.816532 0.019954
1 0.415927 0.536631 0.710887 0.024800
1 0.508065 0.564852 0.895161 0.019099
1 0.458468 0.589082 0.795968 0.024800
1 0.505645 0.617018 0.890323 0.019669
1 0.420766 0.642816 0.720565 0.023375
1 0.483065 0.669755 0.845161 0.024800
1 0.359476 0.696978 0.599597 0.021095
1 0.419960 0.723062 0.718952 0.019669
4 0.782258 0.823831 0.282258 0.142531
4 0.368952 0.849487 0.262097 0.142531
1 0.211694 0.841078 0.108871 0.007697
1 0.217944 0.854761 0.121371 0.008837
3 0.217742 0.906499 0.120968 0.085519
1 0.220161 0.968928 0.125806 0.007412
1 0.568145 0.761117 0.418548 0.019954
1 0.573790 0.789766 0.349194 0.019669
