1 0.500047 0.065422 0.242339 0.021950
1 0.499984 0.094213 0.272984 0.021380
0 0.500082 0.149800 0.079839 0.012258
2 0.224597 0.112600 0.142742 0.071266
1 0.232460 0.165051 0.343952 0.021095
1 0.231653 0.194128 0.342339 0.010262
1 0.732460 0.193843 0.416532 0.019954
1 0.763306 0.216790 0.349194 0.019669
1 0.499928 0.287058 0.162500 0.021095
1 0.500041 0.315707 0.039113 0.020810
1 0.499994 0.345924 0.622984 0.024230
1 0.500076 0.372577 0.739919 0.021095
1 0.500072 0.397948 0.275806 0.020525
1 0.495161 0.436431 0.872581 0.023375
1 0.465323 0.464082 0.809677 0.023375
1 0.472984 0.491591 0.825000 0.023660
1 0.376008 0.519669 0.631048 0.023375
1 0.409879 0.547320 0.698790 0.023375
1 0.134274 0.578535 0.147581 0.020239
1 0.206048 0.603335 0.291129 0.019669
1 0.214315 0.629133 0.307661 0.023375
1 0.202823 0.654932 0.284677 0.019669
1 0.168347 0.678877 0.215726 0.019669
1 0.175403 0.702822 0.229839 0.019669
1 0.210685 0.728620 0.300403 0.023375
1 0.189315 0.756271 0.257661 0.023375
1 0.199395 0.782070 0.277823 0.019669
1 0.597984 0.578820 0.228226 0.019669
1 0.619556 0.602052 0.271371 0.021095
1 0.603024 0.628136 0.238306 0.019669
1 0.614315 0.652081 0.260887 0.019669
1 0.595968 0.677879 0.224194 0.023375
1 0.660484 0.702965 0.353226 0.021095
1 0.565121 0.729333 0.162500 0.019099
1 0.607258 0.752423 0.246774 0.019669
1 0.639718 0.776226 0.311694 0.019954
1 0.495161 0.813854 0.872581 0.023375
1 0.465323 0.841505 0.809677 0.023375
1 0.472984 0.869014 0.825000 0.023660
1 0.376008 0.897092 0.631048 0.023375
1 0.409879 0.924743 0.698790 0.023375
5 0.495968 0.998147 0.870968 0.031642
