1 0.500047 0.065422 0.242339 0.021950
1 0.499984 0.094213 0.272984 0.021380
1 0.500082 0.149800 0.079839 0.012258
2 0.224597 0.112600 0.142742 0.071266
1 0.232460 0.165051 0.343952 0.021095
2 0.766129 0.105473 0.080645 0.057013
1 0.786492 0.165194 0.282661 0.020810
1 0.231653 0.194128 0.342339 0.010262
1 0.499928 0.287058 0.162500 0.021095
1 0.500041 0.315707 0.039113 0.020810
1 0.500025 0.345639 0.877419 0.024800
1 0.500032 0.372862 0.802823 0.021665
1 0.499635 0.398945 0.219758 0.021380
1 0.415726 0.436146 0.710484 0.020525
1 0.477823 0.461374 0.834677 0.019669
1 0.371169 0.487172 0.621371 0.023375
1 0.450202 0.512970 0.779435 0.019669
1 0.487702 0.536773 0.854435 0.019954
1 0.323185 0.560433 0.525403 0.021095
1 0.506855 0.587657 0.892742 0.024800
1 0.513508 0.617018 0.906048 0.024230
1 0.166532 0.644099 0.212097 0.019669
4 0.782258 0.744869 0.282258 0.142531
4 0.368952 0.770525 0.262097 0.142531
1 0.211694 0.762115 0.108871 0.007697
1 0.217944 0.775798 0.121371 0.008837
3 0.217742 0.827537 0.120968 0.085519
1 0.220161 0.889966 0.125806 0.007412
1 0.568145 0.682155 0.418548 0.019954
1 0.573790 0.710804 0.349194 0.019669
