1 0.500047 0.065422 0.242339 0.021950
1 0.499984 0.094213 0.272984 0.021380
1 0.500082 0.149800 0.079839 0.012258
2 0.224597 0.112600 0.142742 0.071266
1 0.232460 0.165051 0.343952 0.021095
1 0.231653 0.194128 0.342339 0.010262
1 0.732460 0.193843 0.416532 0.019954
1 0.763306 0.216790 0.349194 0.019669
1 0.499928 0.287058 0.162500 0.021095
1 0.500041 0.315707 0.039113 0.020810
1 0.499915 0.345781 0.865726 0.024515
1 0.500082 0.372862 0.858065 0.021095
1 0.499915 0.400086 0.583871 0.024230
1 0.504435 0.440422 0.887903 0.023375
1 0.476411 0.467360 0.831855 0.024800
1 0.509476 0.495296 0.897984 0.019669
1 0.506855 0.520382 0.892742 0.024800
1 0.491532 0.549458 0.862097 0.024800
1 0.523589 0.578535 0.926210 0.024800
1 0.494153 0.608181 0.867339 0.023660
1 0.315726 0.633694 0.510484 0.021095
3 0.141129 0.733751 0.120968 0.085519
3 0.362903 0.733751 0.120968 0.085519
4 0.745968 0.733751 0.120968 0.085519
1 0.285282 0.671038 0.449597 0.019954
1 0.149395 0.803734 0.177823 0.012828
1 0.371169 0.803734 0.177823 0.012828
5 0.495968 0.851340 0.870968 0.034493
