1 0.500047 0.065422 0.242339 0.021950
1 0.499984 0.094213 0.272984 0.021380
1 0.500082 0.149800 0.079839 0.012258
2 0.224597 0.112600 0.142742 0.071266
1 0.232460 0.165051 0.343952 0.021095
2 0.766129 0.105473 0.080645 0.057013
1 0.786492 0.165194 0.282661 0.020810
1 0.231653 0.194128 0.342339 0.010262
1 0.499928 0.287058 0.162500 0.021095
1 0.500041 0.315707 0.039113 0.020810
1 0.500041 0.345781 0.817742 0.024515
1 0.499921 0.373005 0.560484 0.020810
1 0.499965 0.397948 0.408871 0.021095
1 0.383468 0.436716 0.645968 0.023945
1 0.424597 0.465222 0.728226 0.023375
1 0.510887 0.490308 0.900806 0.021095
1 0.380847 0.518101 0.640726 0.023660
1 0.480847 0.546180 0.840726 0.023375
1 0.362903 0.571266 0.604839 0.021095
1 0.397379 0.597064 0.673790 0.020239
1 0.476210 0.621579 0.831452 0.020239
1 0.507460 0.647948 0.897177 0.023945
1 0.497379 0.676454 0.873790 0.023375
1 0.509677 0.702252 0.898387 0.019669
4 0.782258 0.803022 0.282258 0.142531
4 0.368952 0.828677 0.262097 0.142531
1 0.211694 0.820268 0.108871 0.007697
1 0.217944 0.833951 0.121371 0.008837
3 0.217742 0.885690 0.120968 0.085519
1 0.220161 0.948119 0.125806 0.007412
1 0.568145 0.740308 0.418548 0.019954
1 0.573790 0.768957 0.349194 0.019669
