1 0.500047 0.065422 0.242339 0.021950
1 0.499984 0.094213 0.272984 0.021380
1 0.500082 0.149800 0.079839 0.012258
2 0.224597 0.112600 0.142742 0.071266
1 0.232460 0.165051 0.343952 0.021095
2 0.766129 0.105473 0.080645 0.057013
1 0.786492 0.165194 0.282661 0.020810
1 0.231653 0.194128 0.342339 0.010262
1 0.499928 0.287058 0.162500 0.021095
1 0.500041 0.315707 0.039113 0.020810
1 0.499940 0.344213 0.843145 0.020810
1 0.500060 0.369156 0.470968 0.021095
1 0.500000 0.394669 0.566935 0.020810
1 0.500032 0.419755 0.500000 0.020810
1 0.424395 0.458381 0.727823 0.023375
1 0.514718 0.484179 0.908468 0.019669
1 0.516129 0.508124 0.911290 0.019669
1 0.375202 0.531357 0.629435 0.021095
1 0.510484 0.559293 0.900000 0.023375
1 0.445565 0.586944 0.770161 0.023375
1 0.368952 0.614453 0.616935 0.023660
1 0.370161 0.642531 0.619355 0.023375
1 0.409274 0.668330 0.697581 0.019669
1 0.503427 0.691562 0.885887 0.021095
1 0.313911 0.717645 0.506855 0.019669
1 0.421976 0.743444 0.722984 0.023375
1 0.380645 0.771095 0.640323 0.023375
4 0.782258 0.873717 0.282258 0.142531
4 0.368952 0.899373 0.262097 0.142531
1 0.211694 0.890964 0.108871 0.007697
1 0.217944 0.904647 0.121371 0.008837
3 0.217742 0.956385 0.120968 0.085519
1 0.220161 1.018814 0.125806 0.007412
1 0.568145 0.811003 0.418548 0.019954
1 0.573790 0.839652 0.349194 0.019669
