1 0.500047 0.065422 0.242339 0.021950
1 0.499984 0.094213 0.272984 0.021380
1 0.500082 0.149800 0.079839 0.012258
2 0.224597 0.112600 0.142742 0.071266
1 0.232460 0.165051 0.343952 0.021095
1 0.231653 0.194128 0.342339 0.010262
1 0.732460 0.193843 0.416532 0.019954
1 0.763306 0.216790 0.349194 0.019669
1 0.499928 0.287058 0.162500 0.021095
1 0.500041 0.315707 0.039113 0.020810
1 0.499918 0.345781 0.726210 0.024515
1 0.500069 0.374572 0.835081 0.024515
1 0.499446 0.401653 0.495565 0.021095
1 0.440726 0.440422 0.760484 0.023945
1 0.487702 0.468928 0.854435 0.023375
1 0.241532 0.494726 0.362097 0.019669
1 0.502218 0.519954 0.883468 0.024515
1 0.222984 0.549316 0.325000 0.015964
1 0.466331 0.568985 0.811694 0.024515
1 0.314113 0.597634 0.507258 0.024800
1 0.516331 0.626853 0.911694 0.024515
1 0.478629 0.655502 0.836290 0.024800
1 0.515927 0.683295 0.910887 0.019954
1 0.413710 0.707668 0.706452 0.019669
1 0.314718 0.733324 0.508468 0.023660
3 0.141129 0.833523 0.120968 0.085519
3 0.362903 0.833523 0.120968 0.085519
4 0.745968 0.833523 0.120968 0.085519
1 0.285282 0.770810 0.449597 0.019954
1 0.149395 0.903506 0.177823 0.012828
1 0.371169 0.903506 0.177823 0.012828
5 0.495968 0.951112 0.870968 0.034493
