1 0.500047 0.065422 0.242339 0.021950
1 0.499984 0.094213 0.272984 0.021380
1 0.500082 0.149800 0.079839 0.012258
2 0.224597 0.112600 0.142742 0.071266
1 0.232460 0.165051 0.343952 0.021095
2 0.766129 0.105473 0.080645 0.057013
1 0.786492 0.165194 0.282661 0.020810
1 0.231653 0.194128 0.342339 0.010262
1 0.499928 0.287058 0.162500 0.021095
1 0.500041 0.315707 0.039113 0.020810
1 0.500035 0.345639 0.641935 0.024800
1 0.499975 0.373147 0.830645 0.021095
1 0.499997 0.400371 0.575806 0.024230
1 0.512702 0.440137 0.904435 0.024515
1 0.407258 0.469498 0.693548 0.023375
1 0.443347 0.494726 0.765726 0.020810
1 0.334677 0.522235 0.548387 0.023375
1 0.411694 0.548033 0.702419 0.019669
1 0.495766 0.573831 0.870565 0.023375
1 0.517137 0.601340 0.913306 0.023660
1 0.504435 0.627566 0.887903 0.019669
1 0.415726 0.653649 0.710484 0.022805
4 0.782258 0.755416 0.282258 0.142531
4 0.368952 0.781072 0.262097 0.142531
1 0.211694 0.772662 0.108871 0.007697
1 0.217944 0.786345 0.121371 0.008837
3 0.217742 0.838084 0.120968 0.085519
1 0.220161 0.900513 0.125806 0.007412
1 0.568145 0.692702 0.418548 0.019954
1 0.573790 0.721351 0.349194 0.019669
