1 0.500047 0.065422 0.242339 0.021950
1 0.499984 0.094213 0.272984 0.021380
1 0.500082 0.149800 0.079839 0.012258
2 0.224597 0.112600 0.142742 0.071266
1 0.232460 0.165051 0.343952 0.021095
2 0.766129 0.105473 0.080645 0.057013
1 0.786492 0.165194 0.282661 0.020810
1 0.231653 0.194128 0.342339 0.010262
1 0.499928 0.287058 0.162500 0.021095
1 0.500041 0.315707 0.039113 0.020810
1 0.499931 0.345781 0.675000 0.024515
1 0.499984 0.372862 0.867339 0.021095
1 0.500009 0.398375 0.341935 0.020810
1 0.443347 0.435006 0.765726 0.019954
1 0.430444 0.459521 0.739919 0.020525
1 0.392137 0.486032 0.663306 0.023375
1 0.504637 0.513683 0.888306 0.023375
1 0.388911 0.541334 0.656855 0.023375
1 0.293548 0.567132 0.466129 0.019669
1 0.461492 0.592930 0.802016 0.023375
1 0.231855 0.618729 0.342742 0.019669
1 0.579032 0.644527 1.037097 0.023375
1 0.458669 0.671893 0.796371 0.023945
1 0.461895 0.700399 0.802823 0.023375
1 0.436290 0.728050 0.751613 0.023375
1 0.456250 0.753848 0.791532 0.019669
4 0.782258 0.854618 0.282258 0.142531
4 0.368952 0.880274 0.262097 0.142531
1 0.211694 0.871864 0.108871 0.007697
1 0.217944 0.885547 0.121371 0.008837
3 0.217742 0.937286 0.120968 0.085519
1 0.220161 0.999715 0.125806 0.007412
1 0.568145 0.791904 0.418548 0.019954
1 0.573790 0.820553 0.349194 0.019669
