1 0.367742 0.041904 0.412903 0.023375
1 0.316129 0.073974 0.309677 0.023660
1 0.368952 0.104475 0.415323 0.019669
1 0.362702 0.134835 0.402823 0.023375
1 0.338710 0.165194 0.354839 0.019669
1 0.310685 0.195838 0.298790 0.022805
1 0.401008 0.227765 0.479435 0.023375
1 0.362097 0.259835 0.401613 0.023660
1 0.193952 0.288483 0.065323 0.014253
1 0.423387 0.314282 0.524194 0.019669
1 0.274194 0.342788 0.225806 0.019669
1 0.340121 0.371294 0.357661 0.019669
1 0.361895 0.399800 0.401210 0.019669
1 0.367944 0.427594 0.413306 0.021095
1 0.374194 0.456528 0.425806 0.020239
1 0.353226 0.487457 0.383871 0.022805
1 0.371774 0.519384 0.420968 0.023375
1 0.307863 0.551596 0.293145 0.023375
1 0.300202 0.581956 0.277823 0.019669
1 0.379032 0.612457 0.435484 0.023090
1 0.299395 0.642959 0.276210 0.019099
1 0.353831 0.671180 0.385081 0.019669
1 0.538911 0.700827 0.755242 0.024800
1 0.343952 0.732184 0.365323 0.019099
1 0.221774 0.760690 0.120968 0.019099
1 0.496976 0.788626 0.671371 0.020239
1 0.334073 0.817275 0.345565 0.019954
1 0.375806 0.848062 0.429032 0.022805
1 0.304032 0.878136 0.285484 0.019669
1 0.302823 0.908495 0.283065 0.023375
1 0.276008 0.940707 0.229435 0.023375
