1 0.500047 0.065422 0.242339 0.021950
1 0.499984 0.094213 0.272984 0.021380
1 0.500082 0.149800 0.079839 0.012258
2 0.224597 0.112600 0.142742 0.071266
1 0.232460 0.165051 0.343952 0.021095
1 0.231653 0.194128 0.342339 0.010262
1 0.732460 0.193843 0.416532 0.019954
1 0.763306 0.216790 0.349194 0.019669
1 0.499928 0.287058 0.162500 0.021095
1 0.500041 0.315707 0.039113 0.020810
1 0.499972 0.345924 0.910484 0.024230
1 0.500095 0.374002 0.881048 0.025086
1 0.445766 0.413769 0.770565 0.019669
1 0.421774 0.437001 0.722581 0.021095
1 0.446573 0.463084 0.772177 0.019669
1 0.431653 0.488883 0.742339 0.023375
1 0.392944 0.514538 0.664919 0.019954
1 0.429435 0.538911 0.737903 0.019669
1 0.504637 0.563997 0.888306 0.024800
1 0.518347 0.593643 0.915726 0.023660
1 0.440121 0.621152 0.759274 0.024515
1 0.285282 0.649800 0.449597 0.024800
3 0.141129 0.751710 0.120968 0.085519
3 0.362903 0.751710 0.120968 0.085519
4 0.745968 0.751710 0.120968 0.085519
1 0.285282 0.688997 0.449597 0.019954
1 0.149395 0.821693 0.177823 0.012828
1 0.371169 0.821693 0.177823 0.012828
5 0.495968 0.869299 0.870968 0.034493
