1 0.241935 0.070410 0.241935 0.023375
1 0.281048 0.094783 0.320161 0.019669
1 0.348790 0.117446 0.455645 0.019384
1 0.281048 0.139538 0.320161 0.019669
1 0.255847 0.162343 0.269758 0.019099
1 0.243145 0.186146 0.244355 0.022805
1 0.379839 0.211517 0.517742 0.023375
1 0.255444 0.237742 0.268952 0.023375
1 0.346774 0.296608 0.451613 0.019669
1 0.358065 0.319128 0.474194 0.019669
1 0.259879 0.341363 0.277823 0.020239
1 0.351613 0.366591 0.461290 0.023375
1 0.353226 0.392816 0.464516 0.023375
1 0.332258 0.417189 0.422581 0.019669
1 0.307863 0.439709 0.373790 0.019669
1 0.420565 0.464082 0.599194 0.023375
1 0.406653 0.040051 0.692339 0.019669
1 0.201210 0.268101 0.321774 0.020239
4 0.625000 0.527366 0.120968 0.085519
1 0.350202 0.496152 0.619758 0.019669
3 0.100806 0.570125 0.120968 0.085519
1 0.101008 0.622007 0.121371 0.017104
