1 0.307258 0.039481 0.291935 0.020810
1 0.337097 0.069698 0.351613 0.024800
1 0.316935 0.102480 0.311290 0.023660
1 0.279637 0.132982 0.236694 0.019669
1 0.303831 0.161631 0.285081 0.019384
1 0.323387 0.189994 0.324194 0.019669
1 0.355242 0.220353 0.387903 0.023375
1 0.319556 0.252566 0.316532 0.023375
1 0.316935 0.284778 0.311290 0.023375
1 0.403629 0.316990 0.484677 0.023375
1 0.367137 0.347206 0.411694 0.019954
1 0.265323 0.376140 0.208065 0.019099
1 0.383065 0.404361 0.443548 0.019669
1 0.343750 0.432868 0.364919 0.019669
1 0.319960 0.461374 0.317339 0.019669
1 0.401411 0.489880 0.480242 0.019669
1 0.293145 0.518387 0.263710 0.019669
1 0.356250 0.546893 0.389919 0.019669
1 0.358669 0.575399 0.394758 0.019669
1 0.371169 0.603905 0.419758 0.019669
1 0.251613 0.632554 0.180645 0.019384
1 0.404435 0.662771 0.486290 0.023375
1 0.375403 0.693130 0.428226 0.019669
1 0.389516 0.723489 0.456452 0.023375
1 0.227419 0.755701 0.132258 0.015964
1 0.383669 0.781642 0.444758 0.021095
1 0.372581 0.810861 0.422581 0.019669
1 0.387702 0.841220 0.452823 0.023375
1 0.402016 0.871864 0.481452 0.019099
1 0.382661 0.900371 0.442742 0.020239
1 0.341734 0.929447 0.360887 0.019099
1 0.326008 0.957953 0.329435 0.019099
