1 0.259677 0.040194 0.196774 0.019384
1 0.380847 0.067845 0.439113 0.021095
1 0.383065 0.096494 0.443548 0.020810
1 0.321573 0.127708 0.320565 0.022805
1 0.301613 0.157782 0.280645 0.019669
1 0.309073 0.186146 0.295565 0.019954
1 0.301008 0.216933 0.279435 0.022805
1 0.327218 0.247292 0.331855 0.019099
1 0.357258 0.275371 0.391935 0.019954
1 0.414718 0.306157 0.506855 0.022805
1 0.475403 0.338084 0.628226 0.023375
1 0.375403 0.368444 0.428226 0.019669
1 0.262298 0.397092 0.202016 0.019384
1 0.399395 0.425456 0.476210 0.019669
1 0.244758 0.453820 0.166935 0.019954
1 0.503831 0.484322 0.685081 0.023375
1 0.196976 0.514823 0.071371 0.010262
1 0.477823 0.538626 0.633065 0.019669
1 0.313508 0.567132 0.304435 0.019669
1 0.367540 0.595639 0.412500 0.019669
1 0.292137 0.624430 0.261694 0.019099
1 0.453629 0.652651 0.584677 0.019669
1 0.396774 0.681157 0.470968 0.019669
1 0.378024 0.709664 0.433468 0.019669
1 0.231250 0.738455 0.139919 0.019099
1 0.390726 0.766676 0.458871 0.019669
1 0.327218 0.795040 0.331855 0.019954
1 0.365323 0.823689 0.408065 0.019669
1 0.323790 0.849772 0.325000 0.015393
1 0.375605 0.876140 0.428629 0.019669
1 0.411089 0.904647 0.499597 0.019669
1 0.396774 0.933153 0.470968 0.019669
1 0.278831 0.963512 0.235081 0.023375
