1 0.479234 0.039909 0.635887 0.019954
1 0.472379 0.068415 0.622177 0.019954
1 0.214315 0.098917 0.106048 0.023375
1 0.417339 0.129561 0.512097 0.020239
1 0.363306 0.158352 0.404032 0.019669
1 0.368952 0.188712 0.415323 0.023375
1 0.361089 0.219071 0.399597 0.019669
1 0.385081 0.247577 0.447581 0.019669
1 0.361694 0.275941 0.400806 0.019954
1 0.399395 0.306300 0.476210 0.023660
1 0.373790 0.336659 0.425000 0.019954
1 0.392540 0.365308 0.462500 0.019669
1 0.315121 0.393244 0.307661 0.020810
1 0.379032 0.422463 0.435484 0.019384
1 0.382056 0.451967 0.441532 0.024800
1 0.265323 0.482326 0.208065 0.021095
1 0.380444 0.511545 0.438306 0.019669
1 0.336492 0.541904 0.350403 0.023375
1 0.283266 0.574259 0.243952 0.023090
1 0.389315 0.604618 0.456048 0.019384
1 0.406653 0.632269 0.490726 0.021095
1 0.332863 0.661488 0.343145 0.019669
1 0.326411 0.689567 0.330242 0.020525
1 0.385887 0.718786 0.449194 0.019099
1 0.322581 0.748860 0.322581 0.023375
1 0.379839 0.779076 0.437097 0.019954
1 0.296976 0.807583 0.271371 0.019954
1 0.377218 0.835519 0.431855 0.021095
1 0.270968 0.864595 0.219355 0.019954
1 0.286895 0.893244 0.251210 0.019669
1 0.292742 0.921750 0.262903 0.019669
1 0.310081 0.950257 0.297581 0.019669
