1 0.500047 0.065422 0.242339 0.021950
1 0.499984 0.094213 0.272984 0.021380
0 0.500082 0.149800 0.079839 0.012258
2 0.224597 0.112600 0.142742 0.071266
1 0.232460 0.165051 0.343952 0.021095
1 0.231653 0.194128 0.342339 0.010262
1 0.676210 0.193843 0.505645 0.019954
1 0.763306 0.216790 0.349194 0.019669
1 0.499928 0.287058 0.162500 0.021095
1 0.500041 0.315707 0.039113 0.020810
1 0.500054 0.345781 0.780242 0.024515
1 0.499915 0.372862 0.761694 0.021095
1 0.500054 0.397948 0.450000 0.021665
1 0.476815 0.437856 0.832661 0.023375
1 0.361895 0.463655 0.602823 0.019669
1 0.326210 0.489453 0.531452 0.023375
1 0.459879 0.517246 0.798790 0.023090
1 0.503831 0.542617 0.886694 0.019669
1 0.514516 0.566420 0.908065 0.019954
1 0.496371 0.590650 0.871774 0.019954
1 0.461895 0.615023 0.802823 0.019669
1 0.506452 0.640536 0.891935 0.023945
1 0.278024 0.667047 0.435081 0.019954
3 0.141129 0.765393 0.120968 0.085519
3 0.362903 0.765393 0.120968 0.085519
4 0.745968 0.765393 0.120968 0.085519
1 0.285282 0.702680 0.449597 0.019954
1 0.149395 0.835376 0.177823 0.012828
1 0.371169 0.835376 0.177823 0.012828
5 0.495968 0.882982 0.870968 0.034493
