1 0.500047 0.065422 0.242339 0.021950
1 0.499984 0.094213 0.272984 0.021380
1 0.500082 0.149800 0.079839 0.012258
2 0.224597 0.112600 0.142742 0.071266
1 0.232460 0.165051 0.343952 0.021095
2 0.766129 0.105473 0.080645 0.057013
1 0.786492 0.165194 0.282661 0.020810
1 0.231653 0.194128 0.342339 0.010262
1 0.499928 0.287058 0.162500 0.021095
1 0.500041 0.315707 0.039113 0.020810
1 0.499934 0.344071 0.577419 0.021095
1 0.500035 0.369441 0.602823 0.021095
1 0.499950 0.394527 0.702823 0.021665
1 0.519355 0.434293 0.917742 0.023660
1 0.471371 0.459806 0.821774 0.021095
1 0.512702 0.487742 0.904435 0.023375
1 0.486492 0.515393 0.852016 0.023375
1 0.495363 0.543044 0.869758 0.023375
1 0.452621 0.568843 0.784274 0.019669
1 0.463911 0.592788 0.806855 0.019669
1 0.447984 0.618301 0.775000 0.023945
1 0.313105 0.644954 0.505242 0.019669
4 0.782258 0.745724 0.282258 0.142531
4 0.368952 0.771380 0.262097 0.142531
1 0.211694 0.762970 0.108871 0.007697
1 0.217944 0.776653 0.121371 0.008837
3 0.217742 0.828392 0.120968 0.085519
1 0.220161 0.890821 0.125806 0.007412
1 0.568145 0.683010 0.418548 0.019954
1 0.573790 0.711659 0.349194 0.019669
