1 0.500047 0.065422 0.242339 0.021950
1 0.499984 0.094213 0.272984 0.021380
1 0.500082 0.149800 0.079839 0.012258
2 0.224597 0.112600 0.142742 0.071266
1 0.232460 0.165051 0.343952 0.021095
2 0.766129 0.105473 0.080645 0.057013
1 0.786492 0.165194 0.282661 0.020810
1 0.231653 0.194128 0.342339 0.010262
1 0.499928 0.287058 0.162500 0.021095
1 0.500041 0.315707 0.039113 0.020810
1 0.499956 0.345781 0.619758 0.024515
1 0.499956 0.373005 0.637903 0.020810
1 0.500076 0.397662 0.351613 0.021665
1 0.446169 0.436859 0.771371 0.024800
1 0.464113 0.464082 0.807258 0.021095
1 0.517137 0.491306 0.913306 0.024800
1 0.504839 0.520382 0.888710 0.024800
1 0.460685 0.548318 0.800403 0.019669
1 0.418145 0.572263 0.715323 0.019669
1 0.297984 0.596209 0.475000 0.019669
1 0.504234 0.620011 0.887500 0.019954
1 0.496371 0.646237 0.871774 0.023375
1 0.304032 0.671323 0.487097 0.021095
4 0.782258 0.774230 0.282258 0.142531
4 0.368952 0.799886 0.262097 0.142531
1 0.211694 0.791477 0.108871 0.007697
1 0.217944 0.805160 0.121371 0.008837
3 0.217742 0.856899 0.120968 0.085519
1 0.220161 0.919327 0.125806 0.007412
1 0.568145 0.711517 0.418548 0.019954
1 0.573790 0.740165 0.349194 0.019669
