1 0.280847 0.040051 0.239113 0.019669
1 0.450403 0.070410 0.578226 0.023375
1 0.391129 0.100770 0.459677 0.019669
1 0.431653 0.129561 0.540726 0.019099
1 0.289919 0.157782 0.257258 0.019669
1 0.433871 0.188141 0.545161 0.023375
1 0.310081 0.220353 0.297581 0.023375
1 0.292339 0.250570 0.262097 0.019954
1 0.173992 0.279361 0.025403 0.010262
1 0.313911 0.302737 0.305242 0.021665
1 0.248589 0.332668 0.174597 0.018814
1 0.497984 0.362600 0.673387 0.023375
1 0.481855 0.392959 0.641129 0.019669
1 0.271169 0.421465 0.219758 0.019669
1 0.396774 0.451112 0.470968 0.024800
1 0.268548 0.482611 0.214516 0.018814
1 0.574395 0.512543 0.826210 0.023375
1 0.259274 0.543044 0.195968 0.019384
1 0.266734 0.572834 0.210887 0.024230
1 0.280847 0.603905 0.239113 0.019099
1 0.392540 0.632127 0.462500 0.019669
1 0.419153 0.662771 0.515726 0.022805
1 0.245766 0.692845 0.168952 0.019669
1 0.415927 0.721209 0.509274 0.019954
1 0.533871 0.751710 0.745161 0.023375
1 0.387702 0.782212 0.452823 0.019384
1 0.167137 0.813712 0.011694 0.004276
1 0.332661 0.833951 0.342742 0.020810
1 0.174395 0.862600 0.026210 0.011403
1 0.386492 0.886973 0.450403 0.019669
1 0.378226 0.917332 0.433871 0.023375
1 0.378427 0.948831 0.434274 0.024800
