1 0.500047 0.065422 0.242339 0.021950
1 0.499984 0.094213 0.272984 0.021380
1 0.500082 0.149800 0.079839 0.012258
2 0.224597 0.112600 0.142742 0.071266
1 0.232460 0.165051 0.343952 0.021095
1 0.231653 0.194128 0.342339 0.010262
1 0.732460 0.193843 0.416532 0.019954
1 0.763306 0.216790 0.349194 0.019669
1 0.499928 0.287058 0.162500 0.021095
1 0.500041 0.315707 0.039113 0.020810
1 0.500091 0.345496 0.775806 0.025086
1 0.499975 0.373147 0.831048 0.021665
1 0.500079 0.399515 0.283468 0.020810
1 0.429234 0.436003 0.737500 0.020239
1 0.507863 0.462799 0.894758 0.023090
1 0.438508 0.490023 0.756048 0.023375
1 0.478629 0.515964 0.836290 0.019384
1 0.508065 0.540621 0.895161 0.024800
1 0.465524 0.570410 0.810081 0.023375
1 0.476411 0.598062 0.831855 0.023375
1 0.493347 0.623860 0.865726 0.019669
1 0.424798 0.648945 0.728629 0.024800
1 0.468750 0.678734 0.816532 0.023375
1 0.125605 0.704818 0.130242 0.019099
3 0.141129 0.801881 0.120968 0.085519
3 0.362903 0.801881 0.120968 0.085519
4 0.745968 0.801881 0.120968 0.085519
1 0.285282 0.739168 0.449597 0.019954
1 0.149395 0.871864 0.177823 0.012828
1 0.371169 0.871864 0.177823 0.012828
5 0.495968 0.919470 0.870968 0.034493
