1 0.256250 0.040051 0.189919 0.019669
1 0.446573 0.068558 0.570565 0.019669
1 0.315726 0.097064 0.308871 0.019669
1 0.381653 0.125428 0.440726 0.019954
1 0.390726 0.155929 0.458871 0.023375
1 0.402218 0.186288 0.481855 0.019669
1 0.466331 0.214225 0.610081 0.020810
1 0.353024 0.243301 0.383468 0.019669
1 0.294960 0.273803 0.267339 0.023090
1 0.390927 0.305872 0.459274 0.023375
1 0.439718 0.336231 0.556855 0.019669
1 0.316935 0.364738 0.311290 0.019669
1 0.344960 0.393244 0.367339 0.019669
1 0.258871 0.421608 0.195161 0.019954
1 0.313306 0.452109 0.304032 0.023375
1 0.330645 0.483751 0.338710 0.024515
1 0.373185 0.516534 0.423790 0.023375
1 0.357661 0.546893 0.392742 0.019669
1 0.394153 0.575399 0.465726 0.019669
1 0.269153 0.603905 0.215726 0.019669
1 0.378629 0.631699 0.434677 0.021095
1 0.385282 0.662058 0.447984 0.024800
1 0.397581 0.694270 0.472581 0.024800
1 0.377218 0.725342 0.431855 0.019669
1 0.342944 0.753848 0.363306 0.019669
1 0.380645 0.784208 0.438710 0.023375
1 0.319960 0.816705 0.317339 0.022805
1 0.372984 0.846779 0.423387 0.019669
1 0.353629 0.875570 0.384677 0.019099
1 0.304637 0.903934 0.286694 0.019384
1 0.302823 0.934151 0.283065 0.023375
1 0.378427 0.966363 0.434274 0.023375
