1 0.342742 0.039481 0.362903 0.020810
1 0.334073 0.068558 0.345565 0.019669
1 0.285081 0.097206 0.247581 0.019384
1 0.380645 0.125570 0.438710 0.019669
1 0.351411 0.154076 0.380242 0.019669
1 0.352016 0.182583 0.381452 0.019669
1 0.321371 0.211089 0.320161 0.019669
1 0.405242 0.239595 0.487903 0.019669
1 0.235081 0.265678 0.147581 0.015393
1 0.330242 0.292047 0.337903 0.019669
1 0.364516 0.320553 0.406452 0.019669
1 0.444556 0.350912 0.566532 0.023375
1 0.265121 0.383124 0.207661 0.023375
1 0.356048 0.413483 0.389516 0.019669
1 0.334476 0.441990 0.346371 0.019669
1 0.372379 0.472349 0.422177 0.023375
1 0.376008 0.502708 0.429435 0.019669
1 0.412903 0.531214 0.503226 0.019669
1 0.277419 0.560006 0.232258 0.019099
1 0.337097 0.588227 0.351613 0.019669
1 0.299798 0.616733 0.277016 0.019669
1 0.341532 0.645525 0.360484 0.019099
1 0.391532 0.675599 0.460484 0.023375
1 0.325806 0.707811 0.329032 0.023375
1 0.521371 0.738027 0.720161 0.019954
1 0.235887 0.768529 0.149194 0.015964
1 0.570161 0.796323 0.817742 0.024800
1 0.335282 0.827395 0.347984 0.019669
1 0.357460 0.857754 0.392339 0.023375
1 0.360081 0.888113 0.397581 0.019669
1 0.363508 0.915906 0.404435 0.021095
1 0.248387 0.945125 0.174194 0.019669
