1 0.500047 0.065422 0.242339 0.021950
1 0.499984 0.094213 0.272984 0.021380
0 0.500082 0.149800 0.079839 0.012258
2 0.224597 0.112600 0.142742 0.071266
1 0.232460 0.165051 0.343952 0.021095
1 0.231653 0.194128 0.342339 0.010262
1 0.676210 0.193843 0.505645 0.019954
1 0.763306 0.216790 0.349194 0.019669
1 0.499928 0.287058 0.162500 0.021095
1 0.500041 0.315707 0.039113 0.020810
1 0.500069 0.345496 0.925806 0.025086
1 0.500050 0.373147 0.730242 0.021665
1 0.500013 0.401226 0.315323 0.024230
1 0.496976 0.441420 0.872984 0.023660
1 0.486694 0.467075 0.852419 0.020810
1 0.449194 0.492588 0.777419 0.019954
1 0.495968 0.516961 0.870968 0.019669
1 0.499194 0.542759 0.877419 0.023375
1 0.479839 0.570553 0.838710 0.023090
1 0.483266 0.597064 0.845565 0.024800
1 0.506653 0.626853 0.892339 0.023375
1 0.340726 0.652651 0.560484 0.019669
3 0.141129 0.750570 0.120968 0.085519
3 0.362903 0.750570 0.120968 0.085519
4 0.745968 0.750570 0.120968 0.085519
1 0.285282 0.687856 0.449597 0.019954
1 0.149395 0.820553 0.177823 0.012828
1 0.371169 0.820553 0.177823 0.012828
5 0.495968 0.868158 0.870968 0.034493
