1 0.299798 0.041192 0.277016 0.024800
1 0.370565 0.072263 0.418548 0.019669
1 0.210685 0.101197 0.098790 0.018814
1 0.438911 0.131129 0.555242 0.023375
1 0.357460 0.161488 0.392339 0.019669
1 0.513508 0.189994 0.704435 0.019669
1 0.396774 0.220353 0.470968 0.023375
1 0.410282 0.250713 0.497984 0.019669
1 0.333871 0.279219 0.345161 0.019669
1 0.372177 0.307725 0.421774 0.019669
1 0.247581 0.336231 0.172581 0.019669
1 0.416532 0.364738 0.510484 0.019669
1 0.348387 0.395097 0.374194 0.023375
1 0.273790 0.425741 0.225000 0.019099
1 0.337702 0.454247 0.352823 0.020239
1 0.495968 0.483039 0.669355 0.019669
1 0.395363 0.513683 0.468145 0.022805
1 0.377419 0.544897 0.432258 0.024800
1 0.346976 0.575969 0.371371 0.019669
1 0.289113 0.604618 0.255645 0.019384
1 0.375605 0.633124 0.428629 0.019384
1 0.365121 0.663341 0.407661 0.023375
1 0.392742 0.695553 0.462903 0.023375
1 0.378831 0.725912 0.435081 0.019669
1 0.310484 0.756271 0.298387 0.023375
1 0.302823 0.786488 0.283065 0.019954
1 0.344153 0.816990 0.365726 0.023375
1 0.385887 0.846636 0.449194 0.021095
1 0.316129 0.877993 0.309677 0.022805
1 0.380444 0.908067 0.438306 0.019669
1 0.262500 0.936574 0.202419 0.019669
1 0.307258 0.966933 0.291935 0.023375
