1 0.500047 0.065422 0.242339 0.021950
1 0.499984 0.094213 0.272984 0.021380
1 0.500082 0.149800 0.079839 0.012258
2 0.224597 0.112600 0.142742 0.071266
1 0.232460 0.165051 0.343952 0.021095
1 0.231653 0.194128 0.342339 0.010262
1 0.732460 0.193843 0.416532 0.019954
1 0.763306 0.216790 0.349194 0.019669
1 0.499928 0.287058 0.162500 0.021095
1 0.500041 0.315707 0.039113 0.020810
1 0.500035 0.345639 0.641935 0.024800
1 0.499975 0.373147 0.830645 0.021095
1 0.499997 0.400371 0.575806 0.024230
1 0.512702 0.440137 0.904435 0.024515
1 0.407258 0.469498 0.693548 0.023375
1 0.443347 0.494726 0.765726 0.020810
1 0.334677 0.522235 0.548387 0.023375
1 0.411694 0.548033 0.702419 0.019669
1 0.495766 0.573831 0.870565 0.023375
1 0.517137 0.601340 0.913306 0.023660
1 0.504435 0.627566 0.887903 0.019669
1 0.415726 0.653649 0.710484 0.022805
3 0.141129 0.752566 0.120968 0.085519
3 0.362903 0.752566 0.120968 0.085519
4 0.745968 0.752566 0.120968 0.085519
1 0.285282 0.689852 0.449597 0.019954
1 0.149395 0.822548 0.177823 0.012828
1 0.371169 0.822548 0.177823 0.012828
5 0.495968 0.870154 0.870968 0.034493
