1 0.500047 0.065422 0.242339 0.021950
1 0.499984 0.094213 0.272984 0.021380
1 0.500082 0.149800 0.079839 0.012258
2 0.224597 0.112600 0.142742 0.071266
1 0.232460 0.165051 0.343952 0.021095
1 0.231653 0.194128 0.342339 0.010262
1 0.732460 0.193843 0.416532 0.019954
1 0.763306 0.216790 0.349194 0.019669
1 0.499928 0.287058 0.162500 0.021095
1 0.500041 0.315707 0.039113 0.020810
1 0.500044 0.344071 0.633065 0.021095
1 0.500085 0.371294 0.856855 0.024230
1 0.500041 0.399658 0.683065 0.024515
1 0.325605 0.440422 0.530242 0.023375
1 0.496573 0.467503 0.872177 0.024515
1 0.411492 0.494441 0.702016 0.020810
1 0.483871 0.519527 0.846774 0.020810
1 0.473185 0.547035 0.825403 0.023375
1 0.493548 0.574686 0.866129 0.023375
1 0.414315 0.602195 0.707661 0.023660
1 0.439919 0.630274 0.758871 0.023375
1 0.511290 0.657782 0.901613 0.023660
1 0.455645 0.685861 0.790323 0.023375
1 0.252823 0.711659 0.384677 0.019669
3 0.141129 0.809578 0.120968 0.085519
3 0.362903 0.809578 0.120968 0.085519
4 0.745968 0.809578 0.120968 0.085519
1 0.285282 0.746864 0.449597 0.019954
1 0.149395 0.879561 0.177823 0.012828
1 0.371169 0.879561 0.177823 0.012828
5 0.495968 0.927166 0.870968 0.034493
