1 0.310081 0.040051 0.297581 0.019669
1 0.415726 0.067845 0.508871 0.021095
1 0.353024 0.097064 0.383468 0.019669
1 0.391331 0.127423 0.460081 0.023375
1 0.309073 0.159635 0.295565 0.023375
1 0.312702 0.191135 0.302823 0.024800
1 0.342540 0.223347 0.362500 0.024800
1 0.285081 0.256271 0.247581 0.023375
1 0.324194 0.286631 0.325806 0.019669
1 0.391734 0.315279 0.460887 0.019384
1 0.324194 0.343643 0.325806 0.019669
1 0.298992 0.372434 0.275403 0.019099
1 0.286089 0.402794 0.249597 0.022805
1 0.422984 0.434721 0.523387 0.023375
1 0.298387 0.466933 0.274194 0.023375
1 0.389919 0.497292 0.457258 0.019669
1 0.401008 0.525798 0.479435 0.019669
1 0.302823 0.554019 0.283065 0.020239
1 0.394556 0.584664 0.466532 0.023375
1 0.396371 0.616876 0.470161 0.023375
1 0.375202 0.647235 0.427823 0.019669
1 0.350806 0.675741 0.379032 0.019669
1 0.463710 0.706100 0.604839 0.023375
1 0.324194 0.736317 0.325806 0.019954
1 0.364919 0.766819 0.407258 0.023375
1 0.373589 0.797178 0.424597 0.019669
1 0.254234 0.823261 0.185887 0.015393
1 0.343347 0.849344 0.364113 0.020239
1 0.236492 0.881842 0.150403 0.019669
1 0.394355 0.910348 0.466129 0.019669
1 0.306855 0.940992 0.291129 0.022805
