1 0.500047 0.065422 0.242339 0.021950
1 0.499984 0.094213 0.272984 0.021380
1 0.500082 0.149800 0.079839 0.012258
2 0.224597 0.112600 0.142742 0.071266
1 0.232460 0.165051 0.343952 0.021095
1 0.231653 0.194128 0.342339 0.010262
1 0.732460 0.193843 0.416532 0.019954
1 0.763306 0.216790 0.349194 0.019669
1 0.499928 0.287058 0.162500 0.021095
1 0.500041 0.315707 0.039113 0.020810
1 0.500000 0.345781 0.713710 0.024515
1 0.499905 0.373005 0.719758 0.020810
1 0.500013 0.397662 0.742742 0.021665
1 0.493347 0.437429 0.865726 0.023660
1 0.495363 0.465365 0.869758 0.023660
1 0.483266 0.492731 0.845565 0.024800
1 0.373992 0.520239 0.627016 0.020525
1 0.468145 0.547320 0.815323 0.023375
1 0.389315 0.574259 0.657661 0.024800
1 0.476008 0.601482 0.831048 0.021095
1 0.470565 0.626853 0.820161 0.021095
1 0.255444 0.654932 0.389919 0.023090
1 0.477016 0.680302 0.833065 0.019669
1 0.293952 0.706100 0.466935 0.023375
1 0.550000 0.733751 0.979032 0.023375
1 0.156250 0.759407 0.191532 0.019954
3 0.141129 0.857754 0.120968 0.085519
3 0.362903 0.857754 0.120968 0.085519
4 0.745968 0.857754 0.120968 0.085519
1 0.285282 0.795040 0.449597 0.019954
1 0.149395 0.927737 0.177823 0.012828
1 0.371169 0.927737 0.177823 0.012828
5 0.495968 0.975342 0.870968 0.034493
