1 0.500047 0.065422 0.242339 0.021950
1 0.499984 0.094213 0.272984 0.021380
1 0.500082 0.149800 0.079839 0.012258
2 0.224597 0.112600 0.142742 0.071266
1 0.232460 0.165051 0.343952 0.021095
2 0.766129 0.105473 0.080645 0.057013
1 0.786492 0.165194 0.282661 0.020810
1 0.231653 0.194128 0.342339 0.010262
1 0.499928 0.287058 0.162500 0.021095
1 0.500041 0.315707 0.039113 0.020810
1 0.499950 0.345924 0.719355 0.024230
1 0.499909 0.374002 0.823790 0.025086
1 0.500076 0.402081 0.242742 0.020810
1 0.445766 0.438854 0.770565 0.019669
1 0.421774 0.462087 0.722581 0.021095
1 0.446573 0.488170 0.772177 0.019669
1 0.431653 0.513968 0.742339 0.023375
1 0.392944 0.539624 0.664919 0.019954
1 0.429435 0.563997 0.737903 0.019669
1 0.504637 0.589082 0.888306 0.024800
1 0.518347 0.618729 0.915726 0.023660
1 0.440121 0.646237 0.759274 0.024515
1 0.285282 0.674886 0.449597 0.024800
4 0.782258 0.779647 0.282258 0.142531
4 0.368952 0.805302 0.262097 0.142531
1 0.211694 0.796893 0.108871 0.007697
1 0.217944 0.810576 0.121371 0.008837
3 0.217742 0.862315 0.120968 0.085519
1 0.220161 0.924743 0.125806 0.007412
1 0.568145 0.716933 0.418548 0.019954
1 0.573790 0.745582 0.349194 0.019669
