1 0.350000 0.039339 0.377419 0.021095
1 0.366331 0.068558 0.410081 0.019669
1 0.245766 0.097349 0.168952 0.019099
1 0.319153 0.127138 0.315726 0.023945
1 0.333266 0.157640 0.343952 0.019954
1 0.377823 0.186288 0.433065 0.019669
1 0.238911 0.215080 0.155242 0.019099
1 0.313105 0.244869 0.303629 0.023945
1 0.388911 0.275513 0.455242 0.019669
1 0.356452 0.304019 0.390323 0.019669
1 0.361895 0.332526 0.401210 0.019669
1 0.329637 0.361317 0.336694 0.019099
1 0.333871 0.389396 0.345161 0.019954
1 0.386694 0.418044 0.450806 0.019669
1 0.312500 0.446693 0.302419 0.019384
1 0.261895 0.475057 0.201210 0.019669
1 0.316331 0.503563 0.310081 0.019669
1 0.330040 0.531927 0.337500 0.019954
1 0.379435 0.561716 0.436290 0.024800
1 0.397984 0.594926 0.473387 0.022805
1 0.379435 0.625000 0.436290 0.019669
1 0.288306 0.653791 0.254032 0.019099
1 0.258468 0.682298 0.194355 0.019099
1 0.374798 0.710519 0.427016 0.019669
1 0.328226 0.739168 0.333871 0.019384
1 0.303024 0.769669 0.283468 0.022805
1 0.318952 0.801596 0.315323 0.023375
1 0.382863 0.831956 0.443145 0.019669
1 0.354637 0.860462 0.386694 0.019669
1 0.210685 0.888968 0.098790 0.019669
1 0.392944 0.917474 0.463306 0.019669
1 0.299798 0.947121 0.277016 0.024800
