1 0.500047 0.065422 0.242339 0.021950
1 0.499984 0.094213 0.272984 0.021380
0 0.500082 0.149800 0.079839 0.012258
2 0.224597 0.112600 0.142742 0.071266
1 0.232460 0.165051 0.343952 0.021095
1 0.231653 0.194128 0.342339 0.010262
1 0.732460 0.193843 0.416532 0.019954
1 0.763306 0.216790 0.349194 0.019669
1 0.499928 0.287058 0.162500 0.021095
1 0.500041 0.315707 0.039113 0.020810
1 0.499950 0.345924 0.719355 0.024230
1 0.499909 0.374002 0.823790 0.025086
1 0.500076 0.402081 0.242742 0.020810
1 0.445766 0.438854 0.770565 0.019669
1 0.421774 0.462087 0.722581 0.021095
1 0.446573 0.488170 0.772177 0.019669
1 0.431653 0.513968 0.742339 0.023375
1 0.392944 0.539624 0.664919 0.019954
1 0.134274 0.569413 0.147581 0.020239
1 0.206048 0.594213 0.291129 0.019669
1 0.214315 0.620011 0.307661 0.023375
1 0.202823 0.645810 0.284677 0.019669
1 0.168347 0.669755 0.215726 0.019669
1 0.175403 0.693700 0.229839 0.019669
1 0.210685 0.719498 0.300403 0.023375
1 0.189315 0.747149 0.257661 0.023375
1 0.199395 0.772948 0.277823 0.019669
1 0.597984 0.569698 0.228226 0.019669
1 0.619556 0.592930 0.271371 0.021095
1 0.603024 0.619014 0.238306 0.019669
1 0.614315 0.642959 0.260887 0.019669
1 0.595968 0.668757 0.224194 0.023375
1 0.660484 0.693843 0.353226 0.021095
1 0.565121 0.720211 0.162500 0.019099
1 0.607258 0.743301 0.246774 0.019669
1 0.639718 0.767104 0.311694 0.019954
1 0.445766 0.802879 0.770565 0.019669
1 0.421774 0.826112 0.722581 0.021095
1 0.446573 0.852195 0.772177 0.019669
1 0.431653 0.877993 0.742339 0.023375
1 0.392944 0.903649 0.664919 0.019954
5 0.495968 0.975627 0.870968 0.031642
