1 0.500047 0.065422 0.242339 0.021950
1 0.499984 0.094213 0.272984 0.021380
0 0.500082 0.149800 0.079839 0.012258
2 0.224597 0.112600 0.142742 0.071266
1 0.232460 0.165051 0.343952 0.021095
1 0.231653 0.194128 0.342339 0.010262
1 0.732460 0.193843 0.416532 0.019954
1 0.763306 0.216790 0.349194 0.019669
1 0.499928 0.287058 0.162500 0.021095
1 0.500041 0.315707 0.039113 0.020810
1 0.499943 0.344071 0.845161 0.021095
1 0.500079 0.369584 0.520565 0.020810
1 0.429234 0.408210 0.737500 0.023375
1 0.473387 0.435148 0.825806 0.024800
1 0.510282 0.462372 0.899597 0.021095
1 0.288306 0.487742 0.455645 0.021095
1 0.134274 0.519242 0.147581 0.020239
1 0.206048 0.544042 0.291129 0.019669
1 0.214315 0.569840 0.307661 0.023375
1 0.202823 0.595639 0.284677 0.019669
1 0.168347 0.619584 0.215726 0.019669
1 0.175403 0.643529 0.229839 0.019669
1 0.210685 0.669327 0.300403 0.023375
1 0.189315 0.696978 0.257661 0.023375
1 0.199395 0.722777 0.277823 0.019669
1 0.597984 0.519527 0.228226 0.019669
1 0.619556 0.542759 0.271371 0.021095
1 0.603024 0.568843 0.238306 0.019669
1 0.614315 0.592788 0.260887 0.019669
1 0.595968 0.618586 0.224194 0.023375
1 0.660484 0.643672 0.353226 0.021095
1 0.565121 0.670040 0.162500 0.019099
1 0.607258 0.693130 0.246774 0.019669
1 0.639718 0.716933 0.311694 0.019954
1 0.429234 0.754561 0.737500 0.023375
1 0.473387 0.781499 0.825806 0.024800
1 0.510282 0.808723 0.899597 0.021095
1 0.288306 0.834094 0.455645 0.021095
5 0.495968 0.907782 0.870968 0.031642
